7385.443611 	-0.657285 
7391.330315 	-0.660751 
7397.102719 	-0.664216 
7402.733386 	-0.667598 
7408.552526 	-0.670998 
7414.507655 	-0.674584 
7420.328042 	-0.678007 
7426.015204 	-0.681353 
7431.879738 	-0.684905 
7437.730880 	-0.688355 
7443.577446 	-0.691727 
7449.493916 	-0.695148 
7455.417263 	-0.698491 
7461.336705 	-0.702081 
7467.244285 	-0.705419 
7473.042360 	-0.708786 
7478.831982 	-0.712201 
7484.950388 	-0.715587 
7490.908869 	-0.718963 
7496.759026 	-0.722267 
7502.648591 	-0.725663 
7508.689245 	-0.729102 
7514.876996 	-0.732605 
7520.761078 	-0.735984 
7526.675272 	-0.739166 
7532.737728 	-0.742649 
7538.789878 	-0.746150 
7544.721513 	-0.749390 
7550.674582 	-0.752565 
7556.788025 	-0.755939 
7562.874644 	-0.759353 
7569.020257 	-0.762748 
7575.004774 	-0.766022 
7580.999173 	-0.769257 
7587.123310 	-0.772439 
7593.289655 	-0.775871 
7599.320035 	-0.779095 
7605.349214 	-0.782321 
7611.535338 	-0.785569 
7617.728050 	-0.788896 
7623.811904 	-0.792137 
7629.876523 	-0.795314 
7636.283862 	-0.798615 
7642.520465 	-0.801829 
7648.636009 	-0.804972 
7654.919772 	-0.808039 
7661.183367 	-0.811098 
7667.460653 	-0.813942 
7672.253716 	-0.815991 
7673.911015 	-0.817207 
7674.232516 	-0.817216 
7674.554046 	-0.817220 
7674.895701 	-0.816906 
7675.282614 	-0.817254 
7675.684644 	-0.817293 
7676.066612 	-0.817618 
7676.458674 	-0.817882 
7676.850777 	-0.817882 
7677.222811 	-0.818162 
7677.574769 	-0.818008 
7677.916703 	-0.818062 
7678.248610 	-0.818270 
7678.550370 	-0.818362 
7678.847124 	-0.818640 
7679.164023 	-0.818916 
7679.480950 	-0.819027 
7679.812997 	-0.819021 
7680.180297 	-0.818951 
7680.582858 	-0.819286 
7680.975397 	-0.819321 
7681.357912 	-0.819655 
7681.755567 	-0.819741 
7682.138162 	-0.819779 
7682.490587 	-0.820336 
7682.838010 	-0.820273 
7683.180429 	-0.820729 
7683.492663 	-0.819915 
7683.784776 	-0.820525 
7684.250695 	-0.820637 
7684.731785 	-0.820945 
7685.084456 	-0.820943 
7685.482511 	-0.820960 
7685.681555 	-0.821136 
7685.880609 	-0.821312 
7686.263629 	-0.821197 
7686.661811 	-0.821269 
7687.049953 	-0.821566 
7687.412927 	-0.821658 
7687.765854 	-0.821739 
7688.113771 	-0.821533 
7688.436506 	-0.821520 
7688.887877 	-0.821837 
7689.359481 	-0.821811 
7689.682324 	-0.821896 
7690.030421 	-0.821966 
7690.418915 	-0.822031 
7690.822589 	-0.822164 
7691.206119 	-0.821828 
7691.402946 	-0.821903 
7691.599784 	-0.821978 
7691.993490 	-0.822091 
7692.367045 	-0.822168 
7692.715394 	-0.822527 
7693.068824 	-0.821840 
7693.546009 	-0.822326 
7693.992951 	-0.822193 
7694.311147 	-0.821975 
7694.629369 	-0.822237 
7694.962774 	-0.822012 
7695.341680 	-0.821834 
7695.745889 	-0.821857 
7696.134982 	-0.821651 
7696.524115 	-0.821559 
7696.923398 	-0.821697 
7697.302504 	-0.821516 
7697.656371 	-0.820778 
7698.005215 	-0.821251 
7698.343980 	-0.820835 
7698.652434 	-0.820608 
7698.945742 	-0.820442 
7699.254247 	-0.820124 
7699.577951 	-0.819552 
7699.901683 	-0.819068 
7700.265915 	-0.818968 
7700.670660 	-0.818244 
7701.065328 	-0.818057 
7701.454978 	-0.817382 
7701.854791 	-0.816402 
7702.244523 	-0.815418 
7702.608985 	-0.814471 
7702.963358 	-0.813501 
7703.312701 	-0.811381 
7703.631694 	-0.809840 
7703.930460 	-0.807450 
7704.234313 	-0.804473 
7704.553386 	-0.800885 
7705.052309 	-0.792259 
7705.424645 	-0.783068 
7705.622226 	-0.777517 
7706.022487 	-0.761891 
7706.407589 	-0.739793 
7706.802866 	-0.710982 
7707.198186 	-0.678234 
7707.568202 	-0.644419 
7707.917978 	-0.612014 
7708.267786 	-0.582026 
7708.597346 	-0.555309 
7708.896510 	-0.531342 
7709.357979 	-0.501715 
7709.839794 	-0.479220 
7710.174565 	-0.468898 
7710.560097 	-0.461205 
7710.965963 	-0.456495 
7711.158764 	-0.455345 
7711.351576 	-0.454194 
7711.742304 	-0.452794 
7712.143224 	-0.450723 
7712.518807 	-0.446606 
7712.874124 	-0.438963 
7713.224399 	-0.426773 
7713.564551 	-0.410427 
7714.021522 	-0.380109 
7714.483627 	-0.345684 
7714.803579 	-0.323120 
7715.128638 	-0.300351 
7715.494364 	-0.277649 
7715.905848 	-0.255021 
7716.302135 	-0.233053 
7716.693382 	-0.210750 
7717.094835 	-0.190213 
7717.290495 	-0.180556 
7717.486165 	-0.170801 
7717.852122 	-0.152855 
7718.378248 	-0.127966 
7718.873942 	-0.104939 
7719.168847 	-0.089525 
7719.473946 	-0.073249 
7719.794328 	-0.057007 
7720.119822 	-0.039330 
7720.475864 	-0.020609 
7720.872637 	-0.001858 
7721.279628 	0.016930 
7721.666310 	0.035512 
7722.063209 	0.052970 
7722.455062 	0.069037 
7722.826596 	0.083778 
7723.177807 	0.097386 
7723.529050 	0.109616 
7723.859962 	0.120890 
7724.160354 	0.130625 
7724.460770 	0.140297 
7724.776487 	0.149478 
7725.102416 	0.157425 
7725.438561 	0.164537 
7725.825675 	0.171062 
7726.233206 	0.176857 
7726.620401 	0.181295 
7727.007637 	0.184996 
7727.410201 	0.187466 
7727.792423 	0.189631 
7728.144101 	0.190509 
7728.500910 	0.191163 
7728.837361 	0.192089 
7729.148350 	0.193119 
7729.602135 	0.194372 
7730.086573 	0.195723 
7730.418066 	0.196756 
7730.790395 	0.196944 
7731.198468 	0.197317 
7731.399971 	0.197142 
7731.601484 	0.196968 
7731.989237 	0.194936 
7732.392339 	0.192579 
7732.780173 	0.190412 
7733.142529 	0.186535 
7733.494712 	0.182766 
7733.841822 	0.179244 
7734.308942 	0.173252 
7734.765907 	0.167570 
7735.092710 	0.163462 
7735.419541 	0.160027 
7735.771938 	0.156804 
7736.175448 	0.153925 
7736.579001 	0.150740 
7736.967271 	0.147812 
7737.365800 	0.145134 
7737.565081 	0.143619 
7737.764372 	0.142107 
7738.132322 	0.139694 
7738.484975 	0.136834 
7739.001237 	0.133536 
7739.471558 	0.130479 
7739.773208 	0.128222 
7740.095335 	0.127280 
7740.417490 	0.126040 
7740.755016 	0.125118 
7741.143720 	0.123911 
7741.547810 	0.122909 
7741.941712 	0.122755 
7742.335655 	0.122090 
7742.739874 	0.121706 
7743.118549 	0.121864 
7743.476790 	0.122253 
7743.829948 	0.123067 
7744.172900 	0.124546 
7744.480049 	0.126054 
7744.782103 	0.127042 
7745.104662 	0.129351 
7745.432369 	0.131738 
7745.765227 	0.133987 
7746.139086 	0.137259 
7746.548839 	0.139854 
7746.948390 	0.143605 
7747.337738 	0.147061 
7747.742497 	0.150849 
7748.131928 	0.154712 
7748.495774 	0.159132 
7748.849405 	0.163001 
7749.197944 	0.167427 
7749.515758 	0.171812 
7749.813092 	0.177098 
7750.287337 	0.184305 
7750.777026 	0.191425 
7751.136001 	0.196381 
7751.541171 	0.201126 
7751.743773 	0.203524 
7751.946386 	0.205929 
7752.331123 	0.210501 
7752.731292 	0.215503 
7753.131504 	0.219959 
7753.500968 	0.224213 
7753.855072 	0.228086 
7754.209210 	0.232250 
7754.542849 	0.235786 
7754.994591 	0.240582 
7755.466925 	0.243662 
7755.795541 	0.246343 
7756.134456 	0.247670 
7756.524760 	0.249113 
7756.940786 	0.249400 
7757.331174 	0.249288 
7757.726740 	0.249079 
7757.929676 	0.248654 
7758.132624 	0.248229 
7758.517997 	0.247396 
7758.877714 	0.245275 
7759.237466 	0.242747 
7759.733467 	0.237823 
7760.193547 	0.231431 
7760.512294 	0.227260 
7760.841353 	0.221881 
7761.175582 	0.216578 
7761.550983 	0.210830 
7761.962424 	0.205138 
7762.363622 	0.198896 
7762.754575 	0.192333 
7763.155858 	0.186720 
7763.546894 	0.179978 
7763.912240 	0.173265 
7764.267329 	0.167126 
7764.929565 	0.154333 
7766.231731 	0.129928 
7768.162130 	0.105431 
7770.116545 	0.088358 
7771.995997 	0.077571 
7773.958256 	0.070005 
7775.822596 	0.063322 
7777.821805 	0.061540 
7779.726131 	0.066076 
7781.362575 	0.075503 
7783.253178 	0.085877 
7785.277216 	0.098257 
7787.122151 	0.110381 
7789.092321 	0.119813 
7791.021021 	0.126831 
7792.954857 	0.132747 
7794.909403 	0.142236 
7796.749374 	0.157298 
7798.606516 	0.174540 
7800.505278 	0.193613 
7802.339491 	0.211718 
7804.286426 	0.221465 
7806.281032 	0.222346 
7808.163528 	0.214835 
7810.136394 	0.203977 
7812.030022 	0.191327 
7813.816917 	0.178270 
7815.596831 	0.163897 
7817.469363 	0.144213 
7819.522125 	0.123302 
7821.423599 	0.103957 
7823.264168 	0.082489 
7825.404117 	0.062211 
7827.201793 	0.046401 
7828.900849 	0.033937 
7830.893997 	0.024932 
7832.828098 	0.019597 
7834.807934 	0.019200 
7836.775863 	0.021236 
7838.624612 	0.024564 
7840.924344 	0.027925 
7843.259630 	0.032362 
7845.854412 	0.038629 
7848.596913 	0.045590 
7851.199140 	0.052241 
7853.750013 	0.060854 
7856.530810 	0.075570 
7859.084167 	0.094331 
7861.699594 	0.114061 
7864.442520 	0.133331 
7867.061132 	0.148698 
7869.617823 	0.159168 
7872.217273 	0.164743 
7874.811432 	0.163201 
7877.611080 	0.152434 
7880.187721 	0.134461 
7882.782794 	0.110648 
7885.548733 	0.079613 
7888.166386 	0.048033 
7890.764773 	0.017449 
7893.571024 	-0.009668 
7896.152379 	-0.025245 
7898.762904 	-0.030549 
7901.537779 	-0.026899 
7904.172647 	-0.019172 
7906.781053 	-0.010772 
7909.597946 	-0.002579 
7912.189383 	0.002866 
7914.813174 	0.005918 
7917.598664 	0.007537 
7920.251541 	0.007568 
7922.863324 	0.007370 
7925.698402 	0.006242 
7928.296147 	0.004849 
7930.940976 	0.003666 
7933.741957 	0.002622 
7936.416122 	0.002498 
7939.028830 	0.004940 
7941.680164 	0.010793 
7944.310844 	0.018909 
7947.341368 	0.028186 
7950.504449 	0.036520 
7954.003050 	0.041808 
7957.113183 	0.041302 
7960.561437 	0.033566 
7964.027288 	0.019181 
7967.161282 	0.001163 
7970.844328 	-0.019158 
7974.235820 	-0.035127 
7977.421888 	-0.045739 
7980.951060 	-0.053832 
7984.282316 	-0.061118 
7987.749845 	-0.068426 
7991.215024 	-0.075584 
7994.559995 	-0.081339 
7998.103023 	-0.084177 
8001.304562 	-0.083642 
8004.727815 	-0.081480 
8008.261899 	-0.078665 
8011.416781 	-0.075995 
8015.111373 	-0.073310 
8018.612024 	-0.071491 
8021.773497 	-0.071337 
8025.341479 	-0.071637 
8028.764433 	-0.071235 
8032.213097 	-0.069465 
8035.774713 	-0.067680 
8038.941189 	-0.066898 
8042.500035 	-0.067611 
8046.006458 	-0.069338 
8049.217766 	-0.072126 
8052.799901 	-0.077268 
8056.224246 	-0.084257 
8059.723252 	-0.092653 
8063.300826 	-0.101208 
8066.685509 	-0.108541 
8070.248407 	-0.113772 
8073.570381 	-0.117516 
8077.021904 	-0.121745 
8080.811905 	-0.127482 
8084.254048 	-0.134204 
8088.156861 	-0.140954 
8092.497706 	-0.146417 
8096.632443 	-0.150516 
8100.470174 	-0.153760 
8104.619611 	-0.156302 
8108.979736 	-0.158191 
8113.100774 	-0.159124 
8116.964785 	-0.159232 
8121.151649 	-0.158968 
8125.344667 	-0.158828 
8129.224682 	-0.159256 
8133.361830 	-0.160607 
8137.761141 	-0.162760 
8141.954274 	-0.164210 
8145.834760 	-0.165492 
8150.015174 	-0.167458 
8154.434643 	-0.170772 
8158.622664 	-0.175443 
8162.519558 	-0.180469 
8166.746271 	-0.186081 
8171.182397 	-0.191711 
8175.355859 	-0.196251 
8179.293900 	-0.199648 
8183.559829 	-0.202831 
8188.005416 	-0.206358 
8192.172054 	-0.210175 
8196.154444 	-0.214063 
8200.445967 	-0.218907 
8204.695826 	-0.223421 
8208.851445 	-0.227555 
8213.075823 	-0.231719 
8217.386742 	-0.235881 
8221.623500 	-0.239622 
8225.584447 	-0.242857 
8229.879999 	-0.245613 
8234.385028 	-0.247942 
8238.607036 	-0.249828 
8242.821651 	-0.251297 
8247.142565 	-0.252300 
8251.643887 	-0.253329 
8256.309883 	-0.253952 
8260.972235 	-0.255589 
8265.884436 	-0.258051 
8270.806569 	-0.261471 
8275.734746 	-0.265384 
8280.676325 	-0.269680 
8285.374529 	-0.273977 
8290.075417 	-0.278194 
8295.021387 	-0.282800 
8299.988207 	-0.287373 
8304.954258 	-0.291749 
8309.907684 	-0.295503 
8314.648080 	-0.298959 
8319.393105 	-0.302600 
8324.374197 	-0.306285 
8329.383748 	-0.309789 
8334.392065 	-0.313083 
8339.371299 	-0.316711 
8344.129515 	-0.320021 
8348.928156 	-0.323167 
8353.945250 	-0.326544 
8358.977047 	-0.329675 
8364.029592 	-0.332835 
8369.041865 	-0.335826 
8373.821030 	-0.338713 
8378.670924 	-0.341276 
8383.741987 	-0.344018 
8388.806293 	-0.346776 
8393.870856 	-0.349635 
8398.927091 	-0.352501 
8403.740827 	-0.355254 
8408.612963 	-0.358182 
8413.729516 	-0.361453 
8419.035144 	-0.364968 
8424.147637 	-0.368437 
8429.012015 	-0.371685 
8433.877091 	-0.375145 
8438.793927 	-0.378547 
8444.145996 	-0.382329 
8449.520846 	-0.386012 
8454.853497 	-0.389829 
8460.404412 	-0.393601 
8465.986021 	-0.397572 
8471.554835 	-0.401064 
8476.912631 	-0.404742 
8482.329748 	-0.408196 
8488.157286 	-0.412005 
8493.980474 	-0.415693 
8499.623038 	-0.419005 
8505.250386 	-0.422324 
8510.876791 	-0.425619 
8516.528105 	-0.428767 
8522.162197 	-0.432059 
8527.575339 	-0.435097 
8533.030590 	-0.438289 
8538.702580 	-0.441465 
8544.379918 	-0.444786 
8550.088690 	-0.448112 
8556.010866 	-0.451515 
8561.930344 	-0.454824 
8567.661325 	-0.457995 
8573.389028 	-0.461176 
8579.105642 	-0.464600 
8584.626243 	-0.467865 
8590.138142 	-0.471372 
8595.884586 	-0.474994 
8601.662899 	-0.478388 
8607.453120 	-0.481950 
8613.250379 	-0.485383 
8619.064999 	-0.488932 
8624.869992 	-0.492359 
8630.879951 	-0.495710 
8636.722638 	-0.499059 
8642.303170 	-0.502281 
8648.117150 	-0.505560 
8653.948086 	-0.508822 
8659.799007 	-0.512132 
8665.648629 	-0.515350 
8671.521292 	-0.518488 
8677.407616 	-0.521717 
8683.505615 	-0.524962 
8689.852820 	-0.528464 
8696.209564 	-0.531922 
8702.559592 	-0.535417 
8708.931729 	-0.538776 
8715.312059 	-0.542320 
8721.687516 	-0.545814 
8728.096891 	-0.549304 
8734.500953 	-0.552673 
8740.904819 	-0.556157 
8747.128567 	-0.559664 
8753.319788 	-0.563009 
8759.763348 	-0.566569 
8766.238373 	-0.570213 
8772.697702 	-0.573681 
8779.166813 	-0.577265 
8785.437248 	-0.580578 
8791.694201 	-0.584044 
8798.198778 	-0.587592 
8804.718007 	-0.591042 
8811.231419 	-0.594554 
8817.519508 	-0.598020 
8823.844864 	-0.601315 
8830.383534 	-0.604725 
8836.952315 	-0.608258 
8843.533058 	-0.611598 
8850.108943 	-0.615029 
8856.725248 	-0.618424 
8863.342055 	-0.621800 
8869.957408 	-0.625126 
8876.364568 	-0.628493 
8882.763547 	-0.631802 
8889.403351 	-0.635129 
8896.079134 	-0.638521 
8902.741823 	-0.641987 
8909.409878 	-0.645406 
8916.107740 	-0.648818 
8922.792932 	-0.652195 
8929.496751 	-0.655623 
8936.225644 	-0.659038 
8943.172899 	-0.662564 
8950.158536 	-0.666183 
8957.143071 	-0.669763 
8964.141004 	-0.673337 
8971.154846 	-0.676905 
8978.176285 	-0.680231 
8985.191257 	-0.683512 
8992.248751 	-0.686748 
8999.294173 	-0.690228 
9006.357046 	-0.693706 
9013.439292 	-0.697087 
9020.761424 	-0.700686 
9027.862546 	-0.704059 
9034.973063 	-0.707573 
9042.080717 	-0.711010 
9049.225509 	-0.714559 
9056.360015 	-0.717880 
9063.513273 	-0.721351 
9070.694732 	-0.724802 
9077.881913 	-0.728258 
9085.072481 	-0.731567 
9092.306822 	-0.734939 
9099.770947 	-0.738507 
9107.001808 	-0.741850 
9114.264908 	-0.745368 
9121.504002 	-0.748703 
9128.790937 	-0.752061 
9136.058740 	-0.755445 
9143.354399 	-0.758817 
9150.666818 	-0.762094 
9157.978079 	-0.765602 
9165.559423 	-0.769100 
9172.904109 	-0.772533 
9180.256504 	-0.775984 
9187.630131 	-0.779127 
9195.025758 	-0.782594 
9202.400491 	-0.785865 
9209.824753 	-0.789185 
9217.491392 	-0.792631 
9224.911621 	-0.796032 
9232.370975 	-0.799392 
