8656.445231 	-1.481284 
8662.195772 	-1.484022 
8667.961126 	-1.486721 
8673.906779 	-1.489416 
8679.704216 	-1.492051 
8685.496449 	-1.494543 
8691.315111 	-1.497178 
8697.163163 	-1.499729 
8703.006263 	-1.502637 
8708.874912 	-1.505345 
8714.756343 	-1.507855 
8720.651242 	-1.510409 
8726.560135 	-1.513360 
8732.459832 	-1.515883 
8738.368126 	-1.518522 
8744.165875 	-1.521237 
8750.133875 	-1.523978 
8756.097802 	-1.526213 
8762.075235 	-1.529155 
8768.066286 	-1.531627 
8773.883411 	-1.534056 
8779.881603 	-1.536918 
8785.889949 	-1.539537 
8791.734414 	-1.542055 
8797.763800 	-1.544624 
8803.975813 	-1.547568 
8810.027066 	-1.549912 
8815.910599 	-1.552640 
8821.803077 	-1.555221 
8827.873337 	-1.557692 
8833.950328 	-1.560240 
8840.046349 	-1.562799 
8846.147324 	-1.565591 
8852.248601 	-1.568001 
8858.364139 	-1.570985 
8864.298951 	-1.573054 
8870.429912 	-1.575517 
8876.573742 	-1.578113 
8882.734458 	-1.580536 
8888.901688 	-1.582917 
8895.084144 	-1.585371 
8901.280958 	-1.587935 
8907.304413 	-1.590237 
8913.341803 	-1.592529 
8919.576132 	-1.594603 
8925.815626 	-1.596476 
8932.068440 	-1.598675 
8938.326098 	-1.600374 
8942.972485 	-1.601373 
8944.687642 	-1.602327 
8945.088693 	-1.601970 
8945.489784 	-1.602508 
8945.884229 	-1.601449 
8946.258653 	-1.601802 
8946.613051 	-1.601634 
8946.940730 	-1.602168 
8947.248370 	-1.602079 
8947.566068 	-1.601818 
8947.910546 	-1.601832 
8948.305228 	-1.602095 
8948.706639 	-1.600855 
8949.104745 	-1.602719 
8949.489506 	-1.603066 
8949.850880 	-1.601733 
8950.185514 	-1.602814 
8950.496749 	-1.602187 
8950.808008 	-1.602181 
8951.136028 	-1.602377 
8951.514287 	-1.602298 
8951.916017 	-1.602193 
8952.314439 	-1.602542 
8952.706204 	-1.602295 
8953.071215 	-1.602301 
8953.416164 	-1.601937 
8953.734347 	-1.602837 
8954.045856 	-1.602140 
8954.370789 	-1.601780 
8954.729250 	-1.601869 
8955.131300 	-1.601807 
8955.533390 	-1.602317 
8955.928818 	-1.602222 
8956.304176 	-1.601455 
8956.659457 	-1.602068 
8956.984600 	-1.601257 
8957.293007 	-1.601801 
8957.614848 	-1.602071 
8957.960186 	-1.601980 
8958.355851 	-1.601628 
8958.754909 	-1.601466 
8959.154007 	-1.601286 
8959.539726 	-1.601095 
8959.898647 	-1.601209 
8960.234115 	-1.601652 
8960.546125 	-1.600317 
8960.858160 	-1.601202 
8961.186997 	-1.600700 
8961.566199 	-1.600229 
8961.968930 	-1.600309 
8962.368345 	-1.600082 
8962.761085 	-1.600413 
8963.130364 	-1.599679 
8963.479530 	-1.598986 
8963.795149 	-1.599165 
8964.107434 	-1.598225 
8964.429819 	-1.598856 
8964.792532 	-1.597657 
8965.195585 	-1.597112 
8965.598678 	-1.597031 
8965.995092 	-1.596493 
8966.371386 	-1.596532 
8966.727553 	-1.595349 
8967.056867 	-1.594324 
8967.366044 	-1.594068 
8967.688688 	-1.593772 
8968.034887 	-1.591886 
8968.428179 	-1.592201 
8968.828232 	-1.591025 
8969.228325 	-1.590441 
8969.615007 	-1.589033 
8969.974823 	-1.587717 
8970.311128 	-1.586260 
8970.623917 	-1.584627 
8970.936730 	-1.583449 
8971.266387 	-1.580867 
8971.646536 	-1.579983 
8972.050272 	-1.578240 
8972.454049 	-1.574886 
8972.847770 	-1.571830 
8973.214604 	-1.569223 
8973.564642 	-1.564374 
8973.884415 	-1.560172 
8974.194114 	-1.556247 
8974.520670 	-1.549262 
8974.887656 	-1.540903 
8975.291715 	-1.530458 
8975.692448 	-1.517783 
8976.093220 	-1.500846 
8976.470453 	-1.475565 
8976.827510 	-1.440979 
8977.154279 	-1.383627 
8977.467597 	-1.298155 
8977.787678 	-1.175336 
8978.134742 	-1.034812 
8978.529016 	-0.916205 
8978.930068 	-0.833687 
8979.327790 	-0.784536 
8979.715438 	-0.758045 
8980.079524 	-0.747080 
8980.416669 	-0.750494 
8980.726868 	-0.765112 
8981.043835 	-0.782905 
8981.377688 	-0.801082 
8981.758786 	-0.811025 
8982.166905 	-0.811922 
8982.571692 	-0.800144 
8982.966397 	-0.777165 
8983.334149 	-0.748487 
8983.681688 	-0.719362 
8984.002261 	-0.691873 
8984.316109 	-0.668243 
8984.643482 	-0.646627 
8985.008010 	-0.623109 
8985.413080 	-0.598450 
8985.818191 	-0.569015 
8986.216589 	-0.536625 
8986.594766 	-0.499762 
8986.952716 	-0.456518 
8987.280302 	-0.412933 
8987.591026 	-0.362372 
8987.908530 	-0.307112 
8988.256461 	-0.252066 
8988.648342 	-0.192763 
8989.053776 	-0.132529 
8989.455872 	-0.073263 
8989.841110 	-0.018019 
8990.206106 	0.035994 
8990.544094 	0.084098 
8990.858449 	0.130699 
8991.172828 	0.168356 
8991.507516 	0.199549 
8991.889568 	0.219355 
8992.295326 	0.229384 
8992.697742 	0.228097 
8993.093434 	0.218624 
8993.465488 	0.203762 
8993.813896 	0.183248 
8994.135270 	0.160050 
8994.446520 	0.138228 
8994.774711 	0.115264 
8995.140151 	0.093254 
8995.546234 	0.074528 
8995.952358 	0.057875 
8996.351752 	0.043746 
8996.730875 	0.033308 
8997.089720 	0.028111 
8997.418124 	0.028004 
8997.729626 	0.033223 
8998.047924 	0.041922 
8998.393339 	0.058562 
8998.789586 	0.079590 
8999.192647 	0.105361 
8999.595748 	0.133173 
8999.985337 	0.162961 
9000.351246 	0.191231 
9000.690080 	0.218141 
9001.005221 	0.238395 
9001.320387 	0.250004 
9001.655912 	0.254179 
9002.038920 	0.251433 
9002.445693 	0.239308 
9002.849116 	0.221789 
9003.245799 	0.201504 
9003.618783 	0.178918 
9003.971455 	0.154706 
9004.293633 	0.134305 
9004.605662 	0.114725 
9004.938067 	0.095976 
9005.304422 	0.083129 
9005.708130 	0.069022 
9006.111877 	0.056305 
9006.508878 	0.044131 
9006.888949 	0.032431 
9007.245298 	0.019207 
9007.577919 	0.007905 
9007.886805 	-0.005369 
9008.209294 	-0.016394 
9008.555574 	-0.026918 
9008.949418 	-0.035434 
9009.353487 	-0.040822 
9009.757597 	-0.044416 
9010.148161 	-0.044524 
9010.514986 	-0.046820 
9010.858065 	-0.043555 
9011.173995 	-0.042491 
9011.489949 	-0.038919 
9011.826315 	-0.036824 
9012.206883 	-0.032058 
9012.614675 	-0.028056 
9013.022507 	-0.022812 
9013.420183 	-0.017534 
9013.794101 	-0.011878 
9014.147656 	-0.005742 
9014.470641 	0.002874 
9014.783452 	0.011570 
9015.109888 	0.019951 
9015.473760 	0.030375 
9015.878477 	0.040173 
9016.279833 	0.051532 
9016.681229 	0.062600 
9017.062252 	0.073541 
9017.422895 	0.086974 
9017.756349 	0.096662 
9018.069412 	0.106088 
9018.389305 	0.117886 
9018.733048 	0.127107 
9019.127878 	0.137394 
9019.536363 	0.147701 
9019.941485 	0.158458 
9020.336432 	0.167982 
9020.704176 	0.176378 
9021.048114 	0.185926 
9021.364836 	0.194740 
9021.681582 	0.205387 
9022.018790 	0.213399 
9022.396906 	0.220188 
9022.805719 	0.228760 
9023.214573 	0.233786 
9023.616652 	0.237612 
9023.991508 	0.240496 
9024.345949 	0.240977 
9024.669744 	0.239164 
9024.986747 	0.236253 
9025.314002 	0.231396 
9025.675377 	0.224973 
9026.077699 	0.216953 
9026.483471 	0.207233 
9026.885873 	0.196710 
9027.271262 	0.187534 
9027.632810 	0.176172 
9027.967100 	0.164332 
9028.280948 	0.153948 
9028.601643 	0.141730 
9028.949661 	0.130300 
9029.345482 	0.118441 
9029.754992 	0.107520 
9030.161130 	0.097090 
9030.557068 	0.083892 
9030.925735 	0.076508 
9031.273951 	0.066371 
9031.591468 	0.059843 
9031.909009 	0.052294 
9032.247065 	0.046712 
9032.629545 	0.041175 
9033.039385 	0.037399 
9033.449266 	0.033596 
9033.852356 	0.029841 
9034.228153 	0.026505 
9034.583484 	0.024894 
9034.908093 	0.023617 
9035.561944 	0.023176 
9037.112013 	0.027749 
9038.879973 	0.041009 
9040.791736 	0.051550 
9042.740684 	0.049246 
9044.821408 	0.044984 
9046.593393 	0.053864 
9048.471055 	0.069446 
9050.283723 	0.079720 
9052.302631 	0.080438 
9054.184746 	0.083300 
9055.964112 	0.097248 
9058.054438 	0.119306 
9059.810160 	0.136020 
9061.741361 	0.148054 
9063.506235 	0.159143 
9065.582281 	0.175629 
9067.392150 	0.194239 
9069.254506 	0.211324 
9071.308298 	0.216319 
9073.104197 	0.206369 
9075.009924 	0.182799 
9076.781898 	0.152089 
9078.886089 	0.117160 
9080.854744 	0.087095 
9082.766145 	0.063187 
9084.564988 	0.044907 
9086.442129 	0.033875 
9088.284124 	0.024341 
9090.311549 	0.005903 
9092.405121 	-0.019815 
9094.170744 	-0.042758 
9096.110545 	-0.058055 
9097.881922 	-0.061595 
9099.826944 	-0.053652 
9101.608951 	-0.038105 
9103.694609 	-0.014319 
9105.733578 	0.009168 
9107.568922 	0.028098 
9109.473286 	0.041928 
9111.468812 	0.050637 
9114.105664 	0.053336 
9116.742458 	0.051693 
9119.121415 	0.057841 
9121.733162 	0.082575 
9124.546687 	0.127969 
9127.366997 	0.173130 
9129.762904 	0.192499 
9132.383761 	0.191175 
9135.201856 	0.176363 
9137.853315 	0.155274 
9140.454885 	0.127126 
9143.063103 	0.089791 
9145.721105 	0.044880 
9148.382820 	-0.002715 
9150.993021 	-0.050219 
9153.610392 	-0.092258 
9156.275166 	-0.121211 
9158.943665 	-0.127900 
9161.553471 	-0.112873 
9164.178015 	-0.082670 
9166.852102 	-0.045866 
9169.701479 	-0.014305 
9172.334897 	0.004272 
9174.772081 	0.010951 
9177.636367 	0.010294 
9180.502751 	0.003832 
9182.949615 	-0.001677 
9185.393699 	-0.004890 
9188.270241 	-0.007702 
9191.143574 	-0.013556 
9193.801561 	-0.020460 
9196.447537 	-0.022354 
9199.133798 	-0.013103 
9201.835003 	0.007191 
9204.506932 	0.028278 
9207.156141 	0.041586 
9209.838606 	0.044384 
9212.543177 	0.041110 
9215.219412 	0.033108 
9218.077419 	0.018781 
9221.138760 	-0.003178 
9224.410366 	-0.032247 
9227.872241 	-0.064340 
9231.324636 	-0.092225 
9234.783862 	-0.112533 
9238.247937 	-0.121374 
9241.704896 	-0.121149 
9244.981860 	-0.118452 
9248.260385 	-0.117952 
9251.724399 	-0.117707 
9255.200881 	-0.116083 
9258.686250 	-0.113990 
9261.976886 	-0.109836 
9265.264277 	-0.104255 
9268.757592 	-0.098589 
9272.043046 	-0.094918 
9275.351783 	-0.092467 
9278.855485 	-0.090929 
9282.347996 	-0.089469 
9285.849448 	-0.088424 
9289.153747 	-0.087313 
9292.459925 	-0.087250 
9295.968156 	-0.088562 
9299.484157 	-0.094271 
9302.988909 	-0.104341 
9306.504267 	-0.115720 
9310.023763 	-0.127707 
9313.350510 	-0.138898 
9316.668494 	-0.148759 
9320.196040 	-0.156070 
9323.717162 	-0.160021 
9327.052739 	-0.162810 
9330.383806 	-0.168037 
9333.909313 	-0.175473 
9337.447547 	-0.185673 
9340.985051 	-0.194302 
9344.314026 	-0.198566 
9347.678860 	-0.198819 
9351.229800 	-0.198896 
9354.980683 	-0.199612 
9358.938886 	-0.200091 
9362.890788 	-0.199574 
9367.052208 	-0.199284 
9371.209644 	-0.198952 
9375.361560 	-0.198819 
9379.541772 	-0.199070 
9383.713109 	-0.199833 
9387.900215 	-0.201131 
9391.886829 	-0.202773 
9395.867102 	-0.205571 
9400.064593 	-0.209961 
9404.242584 	-0.216653 
9408.434295 	-0.224374 
9412.636328 	-0.233110 
9416.831249 	-0.241486 
9421.054389 	-0.247729 
9425.062954 	-0.251707 
9429.286720 	-0.254717 
9433.511050 	-0.258712 
9437.538393 	-0.262039 
9441.779389 	-0.266944 
9446.004624 	-0.272427 
9450.240041 	-0.278827 
9454.493181 	-0.284309 
9458.536404 	-0.288029 
9462.799864 	-0.291185 
9467.058377 	-0.295046 
9471.118312 	-0.298547 
9475.390446 	-0.301237 
9479.645015 	-0.303355 
9483.918977 	-0.304961 
9488.187785 	-0.305992 
9492.462602 	-0.307054 
9496.757723 	-0.308356 
9500.836443 	-0.309212 
9504.933136 	-0.311109 
9509.228834 	-0.313540 
9513.526278 	-0.317410 
9517.835010 	-0.322103 
9522.334187 	-0.328485 
9527.060412 	-0.335049 
9531.801848 	-0.340854 
9536.550052 	-0.345748 
9541.469737 	-0.350611 
9546.421653 	-0.355242 
9551.186943 	-0.359390 
9555.944845 	-0.363440 
9560.882247 	-0.367366 
9565.843309 	-0.371929 
9570.841677 	-0.376345 
9575.803689 	-0.380905 
9580.771975 	-0.385533 
9585.565959 	-0.389655 
9590.379680 	-0.393343 
9595.369058 	-0.396914 
9600.367690 	-0.400192 
9605.193610 	-0.403318 
9610.023941 	-0.406578 
9615.039918 	-0.409562 
9620.057367 	-0.412499 
9624.912100 	-0.415696 
9629.760541 	-0.418837 
9634.802978 	-0.422107 
9639.860703 	-0.426111 
9644.759336 	-0.429833 
9649.641446 	-0.433613 
9654.706965 	-0.437814 
9659.794450 	-0.442308 
9664.693935 	-0.446645 
9669.587004 	-0.450215 
9674.661167 	-0.454752 
9679.783880 	-0.459040 
9684.699450 	-0.462787 
9689.614398 	-0.466931 
9694.711512 	-0.470819 
9699.862732 	-0.474925 
9704.793295 	-0.478769 
9709.720439 	-0.482406 
9714.842644 	-0.486364 
9720.015540 	-0.490194 
9725.617146 	-0.494356 
9731.183321 	-0.498348 
9736.600043 	-0.502103 
9742.194813 	-0.505926 
9747.800316 	-0.509915 
9753.443006 	-0.513090 
9759.032730 	-0.516823 
9764.691149 	-0.520477 
9770.332060 	-0.524698 
9775.966320 	-0.528623 
9781.665851 	-0.532536 
9787.302445 	-0.536514 
9792.994416 	-0.540503 
9798.672865 	-0.544340 
9804.335842 	-0.548349 
9810.060412 	-0.552659 
9815.730467 	-0.556781 
9821.224791 	-0.560650 
9826.962092 	-0.564885 
9832.865119 	-0.569249 
9838.401263 	-0.573362 
9844.119707 	-0.577233 
9849.850493 	-0.581177 
9855.402150 	-0.585079 
9861.342273 	-0.589191 
9867.124681 	-0.593408 
9872.888967 	-0.597344 
9878.640140 	-0.601280 
9884.226510 	-0.604941 
9889.983445 	-0.608831 
9895.785849 	-0.612445 
9901.609786 	-0.616164 
9907.397099 	-0.619836 
9913.264555 	-0.623618 
9919.090860 	-0.627375 
9924.932352 	-0.631231 
9930.809446 	-0.635155 
9936.625785 	-0.638861 
9942.521486 	-0.642779 
9948.382585 	-0.646420 
9954.486627 	-0.650594 
9960.846586 	-0.654430 
9967.192365 	-0.658692 
9973.580555 	-0.662791 
9979.722391 	-0.666756 
9986.142319 	-0.671204 
9992.512874 	-0.674835 
9998.719235 	-0.679010 
10005.101895 	-0.683100 
10011.556947 	-0.687071 
10017.946675 	-0.691239 
10024.409286 	-0.695270 
10030.816805 	-0.699185 
10037.295885 	-0.703328 
10043.491662 	-0.707277 
10049.772893 	-0.711068 
10056.219908 	-0.715005 
10062.745089 	-0.718824 
10069.212926 	-0.723052 
10075.755759 	-0.726758 
10082.234891 	-0.730404 
10088.787670 	-0.734541 
10095.280912 	-0.738517 
10101.849565 	-0.742460 
10108.355712 	-0.746380 
10114.703472 	-0.750191 
10120.996666 	-0.754002 
10127.595314 	-0.757812 
10134.141468 	-0.761778 
10140.756155 	-0.765713 
10147.315060 	-0.769585 
10153.954342 	-0.773521 
10160.535190 	-0.777448 
10167.199191 	-0.781277 
10173.797345 	-0.785295 
10180.236433 	-0.789026 
10186.866183 	-0.792908 
10193.557479 	-0.796855 
10200.209759 	-0.800692 
10207.156787 	-0.804891 
10213.811742 	-0.808603 
10220.780374 	-0.812626 
10227.933048 	-0.816839 
10235.153074 	-0.820933 
10242.110263 	-0.825002 
10249.088509 	-0.829044 
10256.095803 	-0.833041 
10263.086919 	-0.837039 
10270.383229 	-0.841024 
10277.376454 	-0.845025 
10284.451161 	-0.848846 
10291.723372 	-0.853111 
10299.023964 	-0.857086 
10306.116804 	-0.861470 
10313.166969 	-0.865108 
10320.537260 	-0.869318 
10327.595382 	-0.873148 
10334.734606 	-0.877306 
10341.832754 	-0.880941 
10348.975946 	-0.885020 
10356.372981 	-0.889097 
10363.743310 	-0.893299 
10370.945845 	-0.897075 
10378.074979 	-0.901237 
10385.532956 	-0.905000 
10392.709965 	-0.909393 
10399.914779 	-0.913057 
10407.387375 	-0.917342 
10414.568333 	-0.921006 
10421.830121 	-0.924805 
10429.273428 	-0.929122 
10436.802124 	-0.933099 
10444.052131 	-0.937114 
10451.331041 	-0.940721 
10458.637012 	-0.944895 
10465.913577 	-0.948613 
10473.517224 	-0.952619 
10481.060660 	-0.956842 
10488.682322 	-0.960699 
10496.029349 	-0.964513 
10503.399376 	-0.968275 
10510.820085 	-0.972362 
