 Co Density=8.9
 Energy(eV), Delta, Beta
  7650.  2.39489582E-05  5.24410893E-07
  7652.49219  2.39022211E-05  5.23779931E-07
  7654.98486  2.38554476E-05  5.23148969E-07
  7657.47803  2.38088178E-05  5.22519656E-07
  7659.97217  2.37621462E-05  5.21890286E-07
  7662.46826  2.37155182E-05  5.21261427E-07
  7664.96436  2.36690375E-05  5.20634387E-07
  7667.46045  2.36226115E-05  5.20008143E-07
  7669.95801  2.35761381E-05  5.19381672E-07
  7672.45703  2.32200509E-05  5.18755883E-07
  7674.95557  2.27712044E-05  5.18131912E-07
  7677.45605  2.23216539E-05  5.17507658E-07
  7679.95654  2.18739551E-05  5.16885109E-07
  7682.45801  2.14268275E-05  5.16263356E-07
  7684.96045  2.09790051E-05  5.15641375E-07
  7687.46387  2.05317556E-05  5.1502019E-07
  7689.96826  2.00863433E-05  5.14400597E-07
  7692.47314  1.96402416E-05  5.1378089E-07
  7694.97949  1.91959698E-05  5.13162718E-07
  7697.48535  1.87510141E-05  5.12544659E-07
  7699.99316  1.83078882E-05  5.11927965E-07
  7702.50098  1.78640712E-05  5.11311328E-07
  7705.01074  1.74220804E-05  5.10696111E-07
  7707.52051  1.69794002E-05  5.10080895E-07
  7710.03076  1.68410807E-05  4.00174031E-06
  7712.54248  1.7053786E-05  3.99723467E-06
  7715.05518  1.72655546E-05  3.99273858E-06
  7717.56738  1.74776978E-05  3.98824386E-06
  7720.08154  1.76888989E-05  3.98375823E-06
  7722.59668  1.79004728E-05  3.97927215E-06
  7725.11182  1.81111118E-05  3.97479698E-06
  7727.62793  1.83221218E-05  3.97032227E-06
  7730.146  1.85321896E-05  3.96585574E-06
  7732.66357  1.87426376E-05  3.96139149E-06
  7735.18262  1.8952147E-05  3.95693633E-06
  7737.70215  1.91620275E-05  3.95248071E-06
  7740.22314  1.93709748E-05  3.9480351E-06
  7742.74365  1.95802986E-05  3.9435904E-06
  7745.26611  1.97886839E-05  3.93915479E-06
  7747.78955  1.99974384E-05  3.93471873E-06
  7750.31299  2.02052688E-05  3.93029404E-06
  7752.83691  2.04134703E-05  3.92586935E-06
  7755.36328  2.06207369E-05  3.92145375E-06
  7757.88916  2.08283782E-05  3.91703816E-06
  7760.4165  2.103509E-05  3.91263347E-06
  7762.94434  2.1242171E-05  3.90822697E-06
  7765.47314  2.1448328E-05  3.90383184E-06
  7768.00293  2.16548524E-05  3.89943625E-06
  7770.53271  2.18604564E-05  3.89505158E-06
  7773.06396  2.2066426E-05  3.89066508E-06
  7775.5957  2.22714734E-05  3.88628996E-06
  7778.12891  2.24768883E-05  3.88191347E-06
  7780.6626  2.26813827E-05  3.87754835E-06
  7783.19678  2.28862464E-05  3.87318232E-06
  7785.73193  2.30901915E-05  3.86882675E-06
  7788.26807  2.32945022E-05  3.86447073E-06
  7790.80518  2.34978925E-05  3.86012425E-06
  7793.34326  2.37016484E-05  3.85577778E-06
  7795.88184  2.380566E-05  3.85144131E-06
  7798.4209  2.38114008E-05  3.84710484E-06
  7800.96143  2.38170614E-05  3.84277837E-06
  7803.50244  2.38227658E-05  3.83845145E-06
  7806.04492  2.38284501E-05  3.83412862E-06
  7808.5874  2.38340581E-05  3.82981671E-06
  7811.13086  2.38397115E-05  3.82550479E-06
  7813.67529  2.38452849E-05  3.82120288E-06
  7816.22021  2.38509019E-05  3.81690006E-06
  7818.7666  2.38564371E-05  3.81260747E-06
  7821.31348  2.38620196E-05  3.8083142E-06
  7823.86182  2.38675184E-05  3.80403071E-06
  7826.40967  2.38730718E-05  3.79974836E-06
  7828.95947  2.38785378E-05  3.79547487E-06
  7831.50928  2.3884053E-05  3.79120115E-06
  7834.06104  2.38894845E-05  3.78693699E-06
  7836.6123  2.38949651E-05  3.78267396E-06
  7839.16504  2.39003639E-05  3.7784198E-06
  7841.71875  2.39058063E-05  3.77416472E-06
  7844.27295  2.39111723E-05  3.76992057E-06
  7846.82812  2.39165838E-05  3.76567573E-06
  7849.38428  2.39219135E-05  3.76144044E-06
  7851.94141  2.39272886E-05  3.75720515E-06
  7854.49854  2.39325891E-05  3.75298032E-06
  7857.05762  2.39379242E-05  3.74875344E-06
  7859.6167  2.39431902E-05  3.74453793E-06
  7862.17725  2.39484943E-05  3.74032152E-06
  7864.73779  2.39537276E-05  3.73611579E-06
  7867.2998  2.3958999E-05  3.73190869E-06
  7869.8623  2.3964194E-05  3.72771183E-06
  7872.42578  2.39694346E-05  3.72351428E-06
  7874.99023  2.3974595E-05  3.7193272E-06
  7877.55566  2.39797973E-05  3.7151392E-06
  7880.12158  2.39849251E-05  3.71096144E-06
  7882.68896  2.39900928E-05  3.70678208E-06
  7885.25684  2.3995186E-05  3.70261296E-06
  7887.8252  2.40003246E-05  3.69844429E-06
  7890.39502  2.40053814E-05  3.69428449E-06
  7892.96484  2.40104873E-05  3.69012491E-06
  7895.53564  2.40155168E-05  3.68597534E-06
  7898.10742  2.40205845E-05  3.68182486E-06
  7900.68066  2.4025574E-05  3.67768371E-06
  7903.25439  2.40306108E-05  3.67354255E-06
  7905.82861  2.40355712E-05  3.66941208E-06
  7908.4043  2.40405716E-05  3.66527956E-06
  7910.97949  2.40455047E-05  3.66115864E-06
  7913.55664  2.40504723E-05  3.6570359E-06
  7916.13477  2.40553654E-05  3.65292294E-06
  7918.71289  2.40603022E-05  3.64880998E-06
  7921.29248  2.4062896E-05  3.64470225E-06
  7923.87256  2.40582522E-05  3.64058292E-06
  7926.4541  2.40535956E-05  3.63646677E-06
  7929.03613  2.40489062E-05  3.63236063E-06
  7931.61865  2.4044215E-05  3.62825972E-06
  7934.20215  2.40395511E-05  3.62415858E-06
  7936.78662  2.4034849E-05  3.62006654E-06
  7939.37207  2.40301761E-05  3.61597426E-06
  7941.9585  2.40254994E-05  3.61188654E-06
  7944.54541  2.40207864E-05  3.60780814E-06
  7947.13379  2.40160971E-05  3.60372883E-06
  7949.72168  2.40113804E-05  3.59966111E-06
  7952.31201  2.40066838E-05  3.59559158E-06
  7954.90186  2.40019563E-05  3.59153182E-06
  7957.49365  2.39972505E-05  3.58747161E-06
  7960.08545  2.39925157E-05  3.58342118E-06
  7962.67871  2.39878045E-05  3.57936983E-06
  7965.27246  2.39830606E-05  3.57532895E-06
  7967.8667  2.3978344E-05  3.57128715E-06
  7970.4624  2.39735873E-05  3.56725468E-06
  7973.05859  2.39688634E-05  3.56322244E-06
  7975.65576  2.39641031E-05  3.55919951E-06
  7978.25391  2.39593683E-05  3.55517545E-06
  7980.85205  2.39546043E-05  3.55116231E-06
  7983.45215  2.39498586E-05  3.54714734E-06
  7986.05322  2.39450765E-05  3.54314193E-06
  7988.65381  2.39403325E-05  3.53913742E-06
  7991.25684  2.39355431E-05  3.53514088E-06
  7993.85938  2.39307919E-05  3.53114524E-06
  7996.46387  2.39259934E-05  3.52715779E-06
  7999.06836  2.39212295E-05  3.52317056E-06
  8001.67383  2.3916431E-05  3.51919289E-06
  8004.28027  2.39116562E-05  3.5152143E-06
  8006.8877  2.39068468E-05  3.5112455E-06
  8009.49561  2.39020665E-05  3.50727692E-06
  8012.10498  2.3897248E-05  3.50331584E-06
  8014.71484  2.38924604E-05  3.49935567E-06
  8017.32568  2.38876364E-05  3.49540483E-06
  8019.9375  2.38828361E-05  3.49145307E-06
  8022.54932  2.38780085E-05  3.48751132E-06
  8025.16309  2.38732009E-05  3.48356866E-06
  8027.77686  2.3868366E-05  3.47963578E-06
  8030.39209  2.38635512E-05  3.47570199E-06
  8033.00781  2.38587036E-05  3.47177775E-06
  8035.625  2.38538796E-05  3.46785259E-06
  8038.24219  2.38490284E-05  3.46393767E-06
  8040.86035  2.38442026E-05  3.46002207E-06
  8043.47949  2.38393404E-05  3.45611534E-06
  8046.09961  2.38345056E-05  3.45220815E-06
  8048.7207  2.38296361E-05  3.44831074E-06
  8051.34229  2.3821598E-05  3.44439763E-06
  8053.96533  2.38134544E-05  3.4404934E-06
  8056.58887  2.38053308E-05  3.43658871E-06
  8059.21338  2.37972054E-05  3.43268857E-06
  8061.83789  2.3789069E-05  3.42879844E-06
  8064.46436  2.37809472E-05  3.42490694E-06
  8067.0918  2.37728018E-05  3.42102408E-06
  8069.71924  2.37646855E-05  3.41714235E-06
  8072.34814  2.37565419E-05  3.41326881E-06
  8074.97754  2.37484237E-05  3.4093955E-06
  8077.60742  2.37402874E-05  3.40553152E-06
  8080.23926  2.37321656E-05  3.40166594E-06
  8082.87109  2.37240274E-05  3.39781059E-06
  8085.50391  2.37159111E-05  3.39395478E-06
  8088.1377  2.37077729E-05  3.39010739E-06
  8090.77246  2.36996584E-05  3.38626023E-06
  8093.40771  2.36915221E-05  3.38242239E-06
  8096.04443  2.36834076E-05  3.37858387E-06
  8098.68164  2.36752712E-05  3.37475399E-06
  8101.31934  2.36671603E-05  3.37092433E-06
  8103.9585  2.3659024E-05  3.36710332E-06
  8106.59863  2.36509113E-05  3.36328208E-06
  8109.23828  2.36427823E-05  3.35947038E-06
  8111.88037  2.36346677E-05  3.35565733E-06
  8114.52344  2.36265314E-05  3.35185359E-06
  8117.16602  2.3618426E-05  3.34805054E-06
  8119.81006  2.36102951E-05  3.34425545E-06
  8122.45557  2.36021842E-05  3.34045967E-06
  8125.10107  2.35940552E-05  3.3366739E-06
  8127.74756  2.35859479E-05  3.33288745E-06
  8130.39502  2.35778189E-05  3.32910963E-06
  8133.04395  2.3569708E-05  3.32533114E-06
  8135.69336  2.35615807E-05  3.32156196E-06
  8138.34326  2.35534753E-05  3.31779256E-06
  8140.99463  2.35453481E-05  3.31403135E-06
  8143.64551  2.35372499E-05  3.3102715E-06
  8146.29834  2.35291245E-05  3.30651937E-06
  8148.95215  2.35210209E-05  3.30276703E-06
  8151.60693  2.35128955E-05  3.29902309E-06
  8154.26221  2.35047919E-05  3.29527893E-06
  8156.91797  2.34966719E-05  3.29154477E-06
  8159.57568  2.34885665E-05  3.28780834E-06
  8162.23291  2.34804484E-05  3.28408214E-06
  8164.89209  2.34723466E-05  3.28035503E-06
  8167.55127  2.34642284E-05  3.27663724E-06
  8170.2124  2.34561267E-05  3.27291855E-06
  8172.87354  2.34480085E-05  3.26920895E-06
  8175.53564  2.34399122E-05  3.26549912E-06
  8178.19922  2.34317904E-05  3.26179725E-06
  8180.86328  2.34225172E-05  3.2580856E-06
  8183.52783  2.34127365E-05  3.25437827E-06
  8186.19336  2.34029776E-05  3.25067117E-06
  8188.85986  2.33932042E-05  3.24697248E-06
  8191.52734  2.33834471E-05  3.24327311E-06
  8194.19629  2.33736882E-05  3.23957738E-06
  8196.86523  2.33639239E-05  3.23589165E-06
  8199.53516  2.33541778E-05  3.23220524E-06
  8202.20605  2.33444152E-05  3.22852748E-06
  8204.87793  2.33346727E-05  3.2248488E-06
  8207.55078  2.33249175E-05  3.22117944E-06
  8210.22461  2.33151768E-05  3.21750963E-06
  8212.89844  2.33054307E-05  3.21384869E-06
  8215.57422  2.32956972E-05  3.21018706E-06
  8218.24902  2.32859602E-05  3.20653567E-06
  8220.92676  2.32762304E-05  3.20288154E-06
  8223.60449  2.32664934E-05  3.19923743E-06
  8226.28418  2.32567672E-05  3.19559217E-06
  8228.96289  2.32470393E-05  3.19195647E-06
  8231.64453  2.32373186E-05  3.18831894E-06
  8234.3252  2.32275961E-05  3.1846921E-06
  8237.00781  2.32178863E-05  3.18106322E-06
  8239.69043  2.32081657E-05  3.17744411E-06
  8242.37402  2.3198465E-05  3.17382455E-06
  8245.05957  2.31887461E-05  3.17021295E-06
  8247.74609  2.31790436E-05  3.16660044E-06
  8250.43262  2.31693339E-05  3.16299747E-06
  8253.12012  2.31596423E-05  3.1593936E-06
  8255.80859  2.31499343E-05  3.15579859E-06
  8258.49707  2.31402537E-05  3.15220427E-06
  8261.18652  2.31305585E-05  3.14861791E-06
  8263.87793  2.3120876E-05  3.14503063E-06
  8266.57031  2.3111179E-05  3.14145154E-06
  8269.2627  2.31015074E-05  3.13787268E-06
  8271.95605  2.30918195E-05  3.13430269E-06
  8274.65137  2.30821443E-05  3.13073087E-06
  8277.34668  2.30724636E-05  3.12716907E-06
  8280.04199  2.30628048E-05  3.12360726E-06
  8282.74023  2.30531241E-05  3.12005204E-06
  8285.43848  2.30434616E-05  3.11649706E-06
  8288.13672  2.30337955E-05  3.11295162E-06
  8290.83594  2.3024144E-05  3.10940527E-06
  8293.53711  2.3014476E-05  3.10586711E-06
  8296.23828  2.30048317E-05  3.10232917E-06
  8298.94141  2.29951711E-05  3.09879852E-06
  8301.64453  2.29855268E-05  3.09526831E-06
  8304.34863  2.29758734E-05  3.09174652E-06
  8307.05469  2.29662328E-05  3.08822337E-06
  8309.75977  2.29565903E-05  3.08471044E-06
  8312.4668  2.29465059E-05  3.08119161E-06
  8315.1748  2.29358502E-05  3.0776755E-06
  8317.88281  2.29252164E-05  3.07415985E-06
  8320.5918  2.29145735E-05  3.07065238E-06
  8323.30273  2.29039433E-05  3.06714423E-06
  8326.01367  2.28933077E-05  3.0636445E-06
  8328.72559  2.28826866E-05  3.06014476E-06
  8331.43945  2.28720655E-05  3.05664844E-06
  8334.15332  2.28614408E-05  3.05316053E-06
  8336.86816  2.28508306E-05  3.04967239E-06
  8339.58398  2.28402132E-05  3.04619243E-06
  8342.30078  2.2829614E-05  3.04271225E-06
  8345.01758  2.28190092E-05  3.03924094E-06
  8347.73535  2.28084064E-05  3.03577372E-06
  8350.45508  2.2797818E-05  3.03230513E-06
  8353.17578  2.27872315E-05  3.02884064E-06
  8355.89648  2.27766395E-05  3.02538479E-06
  8358.61816  2.27660657E-05  3.02192825E-06
  8361.34082  2.27554829E-05  3.01848081E-06
  8364.06543  2.27449109E-05  3.01503178E-06
  8366.78906  2.27343371E-05  3.01159184E-06
  8369.51465  2.27237797E-05  3.00815145E-06
  8372.24023  2.2713215E-05  3.00471947E-06
  8374.96875  2.27026594E-05  3.0012859E-06
  8377.69629  2.26921038E-05  2.99786188E-06
  8380.42578  2.26815573E-05  2.99443673E-06
  8383.15527  2.2671009E-05  2.99102044E-06
  8385.88477  2.26604807E-05  2.98760415E-06
  8388.61719  2.26499342E-05  2.98419468E-06
  8391.34961  2.26394077E-05  2.98078544E-06
  8394.08398  2.26288721E-05  2.97738393E-06
  8396.81738  2.26183565E-05  2.97398287E-06
  8399.55273  2.260783E-05  2.97058955E-06
  8402.28809  2.25973254E-05  2.96719645E-06
  8405.02637  2.25868007E-05  2.96380995E-06
  8407.76367  2.25763015E-05  2.96042435E-06
  8410.50195  2.25657968E-05  2.95704695E-06
  8413.24219  2.25552976E-05  2.95366794E-06
  8415.98242  2.25447984E-05  2.95029804E-06
  8418.72363  2.25343156E-05  2.94692768E-06
  8421.4668  2.252382E-05  2.94356505E-06
  8424.20996  2.25133408E-05  2.94020219E-06
  8426.9541  2.25028562E-05  2.93684775E-06
  8429.69922  2.24923861E-05  2.93349217E-06
  8432.44531  2.24819087E-05  2.93014477E-06
  8435.19141  2.24714513E-05  2.92679783E-06
  8437.93945  2.2460983E-05  2.92345817E-06
  8440.68848  2.24505275E-05  2.92011805E-06
  8443.4375  2.24400701E-05  2.91678634E-06
  8446.18848  2.24294999E-05  2.91345145E-06
  8448.93945  2.24183732E-05  2.91011361E-06
  8451.69043  2.24072646E-05  2.90677622E-06
  8454.44434  2.23961451E-05  2.90344519E-06
  8457.19824  2.23850402E-05  2.90011462E-06
  8459.95312  2.23739316E-05  2.89679201E-06
  8462.70898  2.23628394E-05  2.89346917E-06
  8465.46582  2.23517472E-05  2.89014952E-06
  8468.22363  2.23406551E-05  2.8868385E-06
  8470.98145  2.23295792E-05  2.88352703E-06
  8473.74121  2.23184943E-05  2.88022329E-06
  8476.50098  2.23074276E-05  2.87691932E-06
  8479.2627  2.22963499E-05  2.87362286E-06
  8482.02441  2.22852923E-05  2.87032663E-06
  8484.78711  2.22742292E-05  2.86703835E-06
  8487.55176  2.22631788E-05  2.86374916E-06
  8490.31543  2.22521285E-05  2.86046907E-06
  8493.08105  2.22410927E-05  2.85718761E-06
  8495.84863  2.22300405E-05  2.85391343E-06
  8498.61523  2.22190174E-05  2.85063993E-06
  8501.38379  2.22079816E-05  2.84737416E-06
  8504.15332  2.21969603E-05  2.84410748E-06
  8506.92285  2.21859409E-05  2.84084945E-06
  8509.69434  2.21749269E-05  2.83759005E-06
  8512.4668  2.21639129E-05  2.83433928E-06
  8515.23926  2.21529135E-05  2.83108761E-06
  8518.01367  2.21419068E-05  2.82784413E-06
  8520.78711  2.21309238E-05  2.82460087E-06
  8523.56348  2.21199243E-05  2.82136443E-06
  8526.33984  2.21089449E-05  2.81812777E-06
  8529.11719  2.209796E-05  2.81489929E-06
  8531.89453  2.20869952E-05  2.81167036E-06
  8534.6748  2.20760139E-05  2.8084487E-06
  8537.45508  2.20650545E-05  2.80522681E-06
  8540.23535  2.20540951E-05  2.8020138E-06
  8543.01758  2.20431411E-05  2.79879873E-06
  8545.80078  2.20321836E-05  2.79559231E-06
  8548.58496  2.20212405E-05  2.79238498E-06
  8551.36914  2.20102993E-05  2.78918606E-06
  8554.15527  2.19993635E-05  2.785986E-06
  8556.94043  2.19884369E-05  2.78279526E-06
  8559.72754  2.19775175E-05  2.77960294E-06
  8562.5166  2.19665872E-05  2.77641811E-06
  8565.30566  2.19556769E-05  2.77323329E-06
  8568.0957  2.19447593E-05  2.77005597E-06
  8570.88672  2.19338599E-05  2.7668782E-06
  8573.67871  2.19229514E-05  2.76370838E-06
  8576.4707  2.19120666E-05  2.76053879E-06
  8579.26562  2.19011617E-05  2.75737534E-06
  8582.05957  2.18902842E-05  2.75421235E-06
  8584.85547  2.18789537E-05  2.75104844E-06
  8587.65137  2.18676014E-05  2.74788431E-06
  8590.44922  2.185624E-05  2.74472632E-06
  8593.24707  2.18448968E-05  2.74156878E-06
  8596.0459  2.18335499E-05  2.73841897E-06
  8598.84668  2.1822214E-05  2.73526825E-06
  8601.64746  2.1810878E-05  2.73212549E-06
  8604.4502  2.1799553E-05  2.7289816E-06
  8607.25195  2.17882298E-05  2.72584657E-06
  8610.05664  2.17769139E-05  2.72270995E-06
  8612.86035  2.1765607E-05  2.71958243E-06
  8615.66699  2.17543002E-05  2.71645331E-06
  8618.47266  2.17430097E-05  2.71332851E-06
  8621.28027  2.1731712E-05  2.71021077E-06
  8624.08887  2.1720427E-05  2.70709256E-06
  8626.89746  2.17091419E-05  2.70398255E-06
  8629.70801  2.1697866E-05  2.70087139E-06
  8632.51855  2.16865919E-05  2.69776842E-06
  8635.33105  2.16753269E-05  2.69466477E-06
  8638.14355  2.16640638E-05  2.69156817E-06
  8640.95801  2.16528078E-05  2.6884718E-06
  8643.77246  2.16415574E-05  2.68538315E-06
  8646.58789  2.16303179E-05  2.68229383E-06
  8649.4043  2.16190765E-05  2.679212E-06
  8652.22266  2.16078424E-05  2.67612904E-06
  8655.04004  2.15966156E-05  2.67305495E-06
  8657.86035  2.15853906E-05  2.66997881E-06
  8660.67969  2.15741748E-05  2.66691177E-06
  8663.50098  2.15629661E-05  2.66384359E-06
  8666.32324  2.15517557E-05  2.66078268E-06
  8669.14648  2.15405562E-05  2.65772155E-06
  8671.96973  2.15293603E-05  2.65466792E-06
  8674.79492  2.15181717E-05  2.65161361E-06
  8677.62109  2.15069813E-05  2.64856681E-06
  8680.44727  2.14958109E-05  2.64552023E-06
  8683.27539  2.14846295E-05  2.64248024E-06
  8686.10352  2.14734664E-05  2.63944048E-06
  8688.93262  2.14623014E-05  2.636408E-06
  8691.76367  2.14511456E-05  2.63337483E-06
  8694.59473  2.14399915E-05  2.63034894E-06
  8697.42676  2.14288484E-05  2.62732306E-06
  8700.26074  2.14176998E-05  2.62430331E-06
  8703.09375  2.14065749E-05  2.62128538E-06
  8705.92871  2.1395439E-05  2.61827358E-06
  8708.76562  2.13843123E-05  2.61526043E-06
  8711.60156  2.13731928E-05  2.61225614E-06
  8714.43945  2.13620842E-05  2.60925071E-06
  8717.27832  2.1350972E-05  2.60625279E-06
  8720.11719  2.13398744E-05  2.60325487E-06
  8722.95801  2.13285348E-05  2.60025718E-06
  8725.7998  2.13170824E-05  2.59725493E-06
  8728.6416  2.13056337E-05  2.59426065E-06
  8731.48535  2.12941904E-05  2.59126546E-06
  8734.3291  2.12827526E-05  2.58827799E-06
  8737.17383  2.12713257E-05  2.5852903E-06
  8740.02051  2.12598934E-05  2.58230921E-06
  8742.86719  2.12484811E-05  2.57932857E-06
  8745.71582  2.12370687E-05  2.57635065E-06
  8748.56445  2.12256564E-05  2.57338002E-06
  8751.41406  2.12142531E-05  2.57041347E-06
  8754.26465  2.12028608E-05  2.56744624E-06
  8757.11719  2.11914703E-05  2.56448175E-06
  8759.96973  2.11800816E-05  2.56152498E-06
  8762.82324  2.11687075E-05  2.55856799E-06
  8765.67773  2.11573297E-05  2.55561804E-06
  8768.53223  2.11459701E-05  2.55266832E-06
  8771.38867  2.11346069E-05  2.5497252E-06
  8774.24609  2.11232546E-05  2.54678139E-06
  8777.10449  2.11118986E-05  2.54384508E-06
  8779.96289  2.11005627E-05  2.54090901E-06
  8782.82324  2.10892194E-05  2.5379793E-06
  8785.68359  2.10778944E-05  2.53504959E-06
  8788.5459  2.10665621E-05  2.53212647E-06
  8791.40918  2.10552444E-05  2.52920313E-06
  8794.27246  2.10439284E-05  2.52628752E-06
  8797.13672  2.10326234E-05  2.52337122E-06
  8800.00195  2.10213202E-05  2.52046198E-06
  8802.86914  2.10100225E-05  2.51755228E-06
  8805.73633  2.09987302E-05  2.51464985E-06
  8808.60449  2.09874488E-05  2.51174697E-06
  8811.47461  2.09761638E-05  2.50885068E-06
  8814.34473  2.09648915E-05  2.5059544E-06
  8817.21582  2.09536229E-05  2.50306539E-06
  8820.08789  2.09423615E-05  2.50017592E-06
  8822.96191  2.09311002E-05  2.4972926E-06
  8825.83496  2.09198552E-05  2.49441041E-06
  8828.70996  2.09086083E-05  2.49153481E-06
  8831.58594  2.08973725E-05  2.48865854E-06
  8834.46289  2.08861347E-05  2.48578885E-06
  8837.33984  2.08749152E-05  2.48291985E-06
  8840.21973  2.08636829E-05  2.48005608E-06
  8843.09961  2.08524689E-05  2.47719322E-06
  8845.97949  2.08412584E-05  2.47433763E-06
  8848.86133  2.08300571E-05  2.47148114E-06
  8851.74316  2.08188558E-05  2.46863192E-06
  8854.62695  2.08076654E-05  2.46578179E-06
  8857.51074  2.07964767E-05  2.46293939E-06
  8860.39648  2.07852954E-05  2.46009586E-06
  8863.28223  2.07740104E-05  2.45725664E-06
  8866.16992  2.07625599E-05  2.45441174E-06
  8869.05762  2.07511166E-05  2.45157457E-06
  8871.94727  2.07396788E-05  2.44873627E-06
  8874.83691  2.07282446E-05  2.44590524E-06
  8877.72754  2.07168232E-05  2.44307421E-06
  8880.61914  2.07054018E-05  2.44024955E-06
  8883.5127  2.06939894E-05  2.43742443E-06
  8886.40625  2.06825789E-05  2.43460659E-06
  8889.30078  2.06711793E-05  2.43178852E-06
  8892.19629  2.06597833E-05  2.42897704E-06
  8895.09277  2.06483965E-05  2.42616534E-06
  8897.99023  2.06370096E-05  2.42336068E-06
  8900.88867  2.06256373E-05  2.42055512E-06
  8903.78906  2.06142649E-05  2.41775251E-06
  8906.68848  2.06028999E-05  2.41495809E-06
  8909.58984  2.05915439E-05  2.4121623E-06
  8912.49219  2.05801862E-05  2.40937334E-06
  8915.39551  2.05688448E-05  2.40658437E-06
  8918.2998  2.05574979E-05  2.403802E-06
  8921.2041  2.05461711E-05  2.40101963E-06
  8924.11035  2.05348388E-05  2.39824385E-06
  8927.01758  2.05235156E-05  2.39546739E-06
  8929.9248  2.05122014E-05  2.39269843E-06
  8932.83398  2.0500891E-05  2.38992857E-06
  8935.74414  2.04895823E-05  2.3871653E-06
  8938.6543  2.047829E-05  2.38440202E-06
  8941.56641  2.04669905E-05  2.38164557E-06
  8944.47852  2.04557127E-05  2.37888889E-06
  8947.39258  2.04444259E-05  2.37613813E-06
  8950.30762  2.04331518E-05  2.37338736E-06
  8953.22266  2.04218832E-05  2.37064364E-06
  8956.13965  2.041062E-05  2.36789901E-06
  8959.05664  2.03993641E-05  2.36516189E-06
  8961.97461  2.03881173E-05  2.36242408E-06
  8964.89355  2.03768705E-05  2.3596931E-06
  8967.81445  2.03656346E-05  2.3569612E-06
  8970.73633  2.0354395E-05  2.3542359E-06
  8973.6582  2.03431737E-05  2.35151106E-06
  8976.58008  2.0331956E-05  2.3487928E-06
  8979.50488  2.03207401E-05  2.34607364E-06
  8982.42969  2.03095296E-05  2.34336107E-06
  8985.35645  2.02983265E-05  2.34064805E-06
  8988.2832  2.02871288E-05  2.33794231E-06
  8991.21094  2.0275942E-05  2.3352361E-06
  8994.13965  2.02647552E-05  2.3325365E-06
  8997.06934  2.02535794E-05  2.32983621E-06
  9000.  2.02424035E-05  2.32714297E-06