 Fe Density=7.874
 Energy(eV), Delta, Beta
  6900.  2.80216482E-05  6.25067173E-07
  6906.6709  2.79266224E-05  6.22815037E-07
  6913.34766  2.78319058E-05  6.20572052E-07
  6920.03076  2.77374493E-05  6.18337367E-07
  6926.72021  2.76432565E-05  6.16110583E-07
  6933.4165  2.75493203E-05  6.13891871E-07
  6940.11963  2.74556005E-05  6.11680093E-07
  6946.8291  2.73621808E-05  6.09477297E-07
  6953.54443  2.72690249E-05  6.07282573E-07
  6960.26709  2.71761201E-05  6.05095522E-07
  6966.99561  2.70787441E-05  6.029166E-07
  6973.73145  2.69158445E-05  6.00745295E-07
  6980.47266  2.67535925E-05  5.98583085E-07
  6987.2207  2.65918607E-05  5.96428492E-07
  6993.97559  2.64306564E-05  5.94281801E-07
  7000.73682  2.62699741E-05  5.92142726E-07
  7007.50488  2.61097048E-05  5.90010416E-07
  7014.2793  2.59500612E-05  5.87886689E-07
  7021.06055  2.57909396E-05  5.85770636E-07
  7027.84814  2.56323347E-05  5.83662199E-07
  7034.64209  2.54741444E-05  5.81560528E-07
  7041.44238  2.53165745E-05  5.79467326E-07
  7048.24951  2.51595175E-05  5.77381684E-07
  7055.06348  2.50029698E-05  5.75303488E-07
  7061.88428  2.48469296E-05  5.73232853E-07
  7068.71143  2.46912969E-05  5.71168584E-07
  7075.54395  2.4536288E-05  5.6911307E-07
  7082.38428  2.37306976E-05  5.67064774E-07
  7089.23145  2.2174394E-05  5.65023981E-07
  7096.08447  2.06240147E-05  5.62990635E-07
  7102.94482  1.90780502E-05  5.60963656E-07
  7109.81104  1.75394634E-05  5.58944976E-07
  7116.68457  1.75250607E-05  4.45333853E-06
  7123.56494  1.8201059E-05  4.43852468E-06
  7130.45117  1.8874387E-05  4.42376086E-06
  7137.34424  1.95457396E-05  4.40904023E-06
  7144.24463  2.02137344E-05  4.39437463E-06
  7151.15137  2.08790734E-05  4.37975677E-06
  7158.06396  2.15417767E-05  4.3651894E-06
  7164.98438  2.22018371E-05  4.35066886E-06
  7171.91064  2.2859962E-05  4.33619152E-06
  7178.84424  2.35147709E-05  4.32176785E-06
  7185.78467  2.41669622E-05  4.30739192E-06
  7192.73096  2.48165579E-05  4.29306465E-06
  7199.68506  2.49264867E-05  4.2787774E-06
  7206.64453  2.49470086E-05  4.26454471E-06
  7213.61133  2.4967354E-05  4.25035887E-06
  7220.58594  2.49875193E-05  4.23621941E-06
  7227.56592  2.50075245E-05  4.2221277E-06
  7234.55273  2.50273588E-05  4.20808374E-06
  7241.54688  2.50470839E-05  4.19407888E-06
  7248.54736  2.5066578E-05  4.18012814E-06
  7255.55469  2.50859011E-05  4.16622288E-06
  7262.56934  2.51050533E-05  4.15236309E-06
  7269.59033  2.5124109E-05  4.13854514E-06
  7276.61768  2.51429319E-05  4.12477903E-06
  7283.65283  2.5161582E-05  4.11105657E-06
  7290.69385  2.5180072E-05  4.09738186E-06
  7297.74219  2.51983947E-05  4.08375172E-06
  7304.79688  2.5216621E-05  4.07016205E-06
  7311.8584  2.52268637E-05  4.05660921E-06
  7318.92725  2.52141926E-05  4.04305774E-06
  7326.00293  2.52014797E-05  4.02955266E-06
  7333.08496  2.5188725E-05  4.01609304E-06
  7340.1748  2.5175952E-05  4.00267118E-06
  7347.27051  2.51631081E-05  3.98930069E-06
  7354.37354  2.5150217E-05  3.97597523E-06
  7361.48242  2.51372858E-05  3.96269525E-06
  7368.59912  2.51243073E-05  3.94945755E-06
  7375.72314  2.51113161E-05  3.93625942E-06
  7382.85303  2.50982539E-05  3.92311131E-06
  7389.99023  2.50851426E-05  3.91000685E-06
  7397.13477  2.50719877E-05  3.89694515E-06
  7404.28613  2.50587909E-05  3.883928E-06
  7411.44385  2.50455905E-05  3.87094951E-06
  7418.60889  2.50323101E-05  3.85801877E-06
  7425.78076  2.50189896E-05  3.84513169E-06
  7432.95898  2.49987315E-05  3.83225097E-06
  7440.14502  2.49747063E-05  3.81939162E-06
  7447.3374  2.49507084E-05  3.80657116E-06
  7454.53711  2.49266868E-05  3.79379867E-06
  7461.74414  2.49026598E-05  3.78106847E-06
  7468.95703  2.48786419E-05  3.76838216E-06
  7476.17822  2.48546366E-05  3.75573154E-06
  7483.40527  2.48306169E-05  3.74313049E-06
  7490.64014  2.4806588E-05  3.73057014E-06
  7497.88086  2.47825719E-05  3.71805368E-06
  7505.12988  2.47585467E-05  3.70557791E-06
  7512.38477  2.4734527E-05  3.69314466E-06
  7519.64795  2.47105236E-05  3.68074689E-06
  7526.91748  2.4686502E-05  3.66839663E-06
  7534.19385  2.46624841E-05  3.65608798E-06
  7541.47754  2.46384625E-05  3.64382049E-06
  7548.76758  2.46142099E-05  3.63159347E-06
  7556.06543  2.45847477E-05  3.61936645E-06
  7563.37012  2.45552928E-05  3.6071865E-06
  7570.68213  2.45258598E-05  3.59504702E-06
  7578.00098  2.44964467E-05  3.58294869E-06
  7585.32715  2.44670719E-05  3.57088584E-06
  7592.66016  2.44377061E-05  3.55886868E-06
  7600.  2.44083622E-05  3.54689246E-06