 Ni Density=8.876
 Energy(eV), Delta, Beta
  8100.  2.37024542E-05  4.96304608E-07
  8101.34619  2.36887099E-05  4.95985319E-07
  8102.69092  2.36749802E-05  4.95666427E-07
  8104.03711  2.36612523E-05  4.95347592E-07
  8105.3833  2.36474953E-05  4.95028132E-07
  8106.72998  2.36337801E-05  4.94709695E-07
  8108.07715  2.36200685E-05  4.94391486E-07
  8109.42432  2.36063661E-05  4.94073447E-07
  8110.771  2.35926727E-05  4.93755749E-07
  8112.11816  2.3578983E-05  4.93438165E-07
  8113.46631  2.35652642E-05  4.93119842E-07
  8114.81396  2.35515872E-05  4.92802656E-07
  8116.16211  2.35379175E-05  4.92485697E-07
  8117.51025  2.35242551E-05  4.92169022E-07
  8118.85791  2.35106036E-05  4.91852518E-07
  8120.20703  2.34969521E-05  4.91536127E-07
  8121.55615  2.34832714E-05  4.91219055E-07
  8122.90479  2.34696381E-05  4.90903233E-07
  8124.25488  2.3456003E-05  4.90587411E-07
  8125.60449  2.34423769E-05  4.90271873E-07
  8126.95459  2.34287563E-05  4.89956506E-07
  8128.30469  2.34151121E-05  4.89640513E-07
  8129.6543  2.34015133E-05  4.89325657E-07
  8131.00537  2.33879091E-05  4.89010858E-07
  8132.35596  2.33743176E-05  4.88696344E-07
  8133.70703  2.33607316E-05  4.88382E-07
  8135.05811  2.33471528E-05  4.88067883E-07
  8136.40967  2.3333545E-05  4.87753084E-07
  8137.76074  2.33199826E-05  4.87439479E-07
  8139.1123  2.33064256E-05  4.87125988E-07
  8140.46533  2.32928669E-05  4.8681261E-07
  8141.81689  2.32793245E-05  4.86499573E-07
  8143.16992  2.32657458E-05  4.86185797E-07
  8144.52246  2.32522125E-05  4.85873045E-07
  8145.87549  2.32386847E-05  4.85560633E-07
  8147.22803  2.32251659E-05  4.85248393E-07
  8148.58203  2.32116472E-05  4.84936209E-07
  8149.93555  2.31981412E-05  4.84624366E-07
  8151.28955  2.31846025E-05  4.84311727E-07
  8152.64307  2.3171111E-05  4.84000282E-07
  8153.99805  2.31576196E-05  4.83689007E-07
  8155.35254  2.31441372E-05  4.83377846E-07
  8156.70752  2.31306585E-05  4.8306697E-07
  8158.06201  2.31171889E-05  4.82756263E-07
  8159.41797  2.31036902E-05  4.82444875E-07
  8160.77246  2.30902388E-05  4.82134681E-07
  8162.12842  2.30767855E-05  4.81824543E-07
  8163.48486  2.30633377E-05  4.81514576E-07
  8164.84082  2.30499008E-05  4.81204893E-07
  8166.19727  2.30364349E-05  4.80894585E-07
  8167.5542  2.30230053E-05  4.80585186E-07
  8168.91064  2.30095902E-05  4.80276242E-07
  8170.26709  2.29961825E-05  4.79967355E-07
  8171.625  2.2982771E-05  4.79658581E-07
  8172.98242  2.29693724E-05  4.79350092E-07
  8174.34033  2.29559428E-05  4.79040921E-07
  8175.69775  2.29425586E-05  4.78732829E-07
  8177.05664  2.29291745E-05  4.78424909E-07
  8178.41406  2.29158049E-05  4.78117329E-07
  8179.77246  2.28943773E-05  4.77809579E-07
  8181.13232  2.2867127E-05  4.77501658E-07
  8182.49072  2.28397912E-05  4.77193339E-07
  8183.85059  2.28125737E-05  4.7688593E-07
  8185.20996  2.27853798E-05  4.76578805E-07
  8186.56934  2.27582004E-05  4.76271907E-07
  8187.9292  2.27310356E-05  4.75965123E-07
  8189.28955  2.27038854E-05  4.75658567E-07
  8190.6499  2.26766388E-05  4.75351385E-07
  8192.01074  2.26495176E-05  4.75045169E-07
  8193.37109  2.26224183E-05  4.74739267E-07
  8194.73242  2.25953281E-05  4.74433477E-07
  8196.09375  2.25682561E-05  4.74127887E-07
  8197.45605  2.25410822E-05  4.73821615E-07
  8198.81738  2.25140429E-05  4.73516394E-07
  8200.17969  2.24870146E-05  4.73211429E-07
  8201.54102  2.24600099E-05  4.7290672E-07
  8202.90332  2.24330161E-05  4.7260221E-07
  8204.2666  2.24060313E-05  4.72297671E-07
  8205.62891  2.23789593E-05  4.71992706E-07
  8206.99316  2.23520055E-05  4.71688566E-07
  8208.35645  2.23250718E-05  4.71384737E-07
  8209.71973  2.22981562E-05  4.71081222E-07
  8211.08301  2.22712551E-05  4.70777849E-07
  8212.44727  2.22443687E-05  4.70474617E-07
  8213.81152  2.22173858E-05  4.70170761E-07
  8215.17578  2.21905302E-05  4.69867956E-07
  8216.54102  2.21636856E-05  4.69565236E-07
  8217.90625  2.21368591E-05  4.69262744E-07
  8219.27148  2.21100508E-05  4.68960536E-07
  8220.63672  2.20831444E-05  4.68657646E-07
  8222.00195  2.20563688E-05  4.68355893E-07
  8223.36816  2.20296024E-05  4.68054168E-07
  8224.7334  2.2002856E-05  4.67752784E-07
  8226.09961  2.19761241E-05  4.67451542E-07
  8227.4668  2.19494032E-05  4.67150414E-07
  8228.83398  2.19225876E-05  4.66848633E-07
  8230.20117  2.18958994E-05  4.66547903E-07
  8231.56836  2.18692276E-05  4.66247457E-07
  8232.93555  2.18425721E-05  4.65947124E-07
  8234.30273  2.18159348E-05  4.65647133E-07
  8235.6709  2.17891957E-05  4.6534629E-07
  8237.03906  2.17625857E-05  4.65046611E-07
  8238.40723  2.17359902E-05  4.64747217E-07
  8239.77539  2.17094112E-05  4.64447908E-07
  8241.14453  2.16828448E-05  4.64148684E-07
  8242.5127  2.16563021E-05  4.63849858E-07
  8243.88379  2.16296448E-05  4.63550066E-07
  8245.25293  2.16031294E-05  4.63251553E-07
  8246.62207  2.15766286E-05  4.62953295E-07
  8247.99219  2.15501386E-05  4.62655066E-07
  8249.3623  2.15236651E-05  4.62357036E-07
  8250.73242  2.14972097E-05  4.62059319E-07
  8252.10352  2.14706524E-05  4.61760834E-07
  8253.47363  2.14442261E-05  4.61463515E-07
  8254.84473  2.14178144E-05  4.61166337E-07
  8256.2168  2.13914154E-05  4.60869245E-07
  8257.58789  2.13650346E-05  4.60572437E-07
  8258.95996  2.13385538E-05  4.60274919E-07
  8260.33105  2.13122094E-05  4.59978594E-07
  8261.7041  2.12858668E-05  4.59682269E-07
  8263.07617  2.12595478E-05  4.59386257E-07
  8264.44922  2.12332397E-05  4.59090359E-07
  8265.82129  2.12069517E-05  4.58794744E-07
  8267.19434  2.11806764E-05  4.58499272E-07
  8268.56836  2.11543029E-05  4.58203061E-07
  8269.94141  2.11280603E-05  4.57908016E-07
  8271.31543  2.11018269E-05  4.57613083E-07
  8272.69043  2.10756061E-05  4.57318237E-07
  8274.06445  2.10494072E-05  4.57023731E-07
  8275.43945  2.10231101E-05  4.56728543E-07
  8276.81348  2.09969421E-05  4.56434435E-07
  8278.18848  2.0970785E-05  4.56140469E-07
  8279.56445  2.09446425E-05  4.55846589E-07
  8280.93945  2.091852E-05  4.55553078E-07
  8282.31543  2.08922975E-05  4.552588E-07
  8283.69043  2.08662077E-05  4.54965715E-07
  8285.06738  2.08401234E-05  4.54672602E-07
  8286.44336  2.08140573E-05  4.54379744E-07
  8287.82031  2.07880075E-05  4.54087115E-07
  8289.19629  2.07619778E-05  4.53794769E-07
  8290.57324  2.0735848E-05  4.53501684E-07
  8291.9502  2.07098437E-05  4.53209651E-07
  8293.32715  2.06838558E-05  4.52917789E-07
  8294.70508  2.06578788E-05  4.52626097E-07
  8296.08301  2.06319201E-05  4.52334575E-07
  8297.46094  2.06059758E-05  4.52043309E-07
  8298.83984  2.05799333E-05  4.51751276E-07
  8300.21875  2.05540164E-05  4.51460267E-07
  8301.59766  2.05281176E-05  4.51169541E-07
  8302.97656  2.05022316E-05  4.50878957E-07
  8304.35547  2.04763637E-05  4.50588658E-07
  8305.73535  2.0450505E-05  4.50298387E-07
  8307.11523  2.04245553E-05  4.50007576E-07
  8308.49512  2.03987292E-05  4.49717731E-07
  8309.875  2.03729214E-05  4.49428171E-07
  8311.25586  2.03471227E-05  4.49138639E-07
  8312.63672  2.00095237E-05  4.48849391E-07
  8314.01758  1.96684305E-05  4.48559433E-07
  8315.39844  1.93294763E-05  4.48270555E-07
  8316.78027  1.89907405E-05  4.47981733E-07
  8318.16211  1.86522284E-05  4.47693225E-07
  8319.54395  1.83139382E-05  4.47404801E-07
  8320.92578  1.79758772E-05  4.4711669E-07
  8322.30762  1.76361282E-05  4.46827954E-07
  8323.68945  1.7298511E-05  4.46540213E-07
  8325.07227  1.69611139E-05  4.46252614E-07
  8326.45605  1.66239352E-05  4.45965043E-07
  8327.83887  1.62869856E-05  4.4567787E-07
  8329.22266  1.59502506E-05  4.45390754E-07
  8330.60645  1.56118385E-05  4.45103041E-07
  8331.99023  1.52755529E-05  4.44816351E-07
  8333.375  1.51306758E-05  3.47141076E-06
  8334.75879  1.52098664E-05  3.46941647E-06
  8336.14355  1.5288997E-05  3.46742218E-06
  8337.52734  1.53680812E-05  3.46543038E-06
  8338.91309  1.54475874E-05  3.46343313E-06
  8340.29785  1.55265589E-05  3.46144293E-06
  8341.68359  1.56054739E-05  3.45945318E-06
  8343.06934  1.56843362E-05  3.45746525E-06
  8344.45605  1.57631439E-05  3.45547755E-06
  8345.8418  1.58423809E-05  3.45348712E-06
  8347.22852  1.59210795E-05  3.45150238E-06
  8348.61426  1.59997307E-05  3.44951945E-06
  8350.00098  1.6078322E-05  3.44753721E-06
  8351.38867  1.61568587E-05  3.44555497E-06
  8352.77637  1.6235821E-05  3.44356977E-06
  8354.16406  1.63142504E-05  3.44159071E-06
  8355.55176  1.6392627E-05  3.43961278E-06
  8356.93945  1.64709509E-05  3.43763622E-06
  8358.32715  1.6549222E-05  3.43566148E-06
  8359.71582  1.66274349E-05  3.43368629E-06
  8361.10449  1.67055969E-05  3.43171314E-06
  8362.49414  1.67841808E-05  3.42973567E-06
  8363.88281  1.68622355E-05  3.4277648E-06
  8365.27246  1.69402338E-05  3.4257946E-06
  8366.66309  1.70181756E-05  3.42382486E-06
  8368.05176  1.7096072E-05  3.42185854E-06
  8369.44238  1.71743886E-05  3.41988607E-06
  8370.83301  1.72521723E-05  3.41792088E-06
  8372.22363  1.73299031E-05  3.41595637E-06
  8373.61426  1.74075813E-05  3.41399368E-06
  8375.00586  1.74852012E-05  3.41203076E-06
  8376.39551  1.75627792E-05  3.4100708E-06
  8377.78809  1.76407721E-05  3.40810584E-06
  8379.17969  1.77182355E-05  3.40614702E-06
  8380.57129  1.77956463E-05  3.40418978E-06
  8381.96387  1.78730006E-05  3.40223301E-06
  8383.35547  1.79503058E-05  3.4002785E-06
  8384.74805  1.80275565E-05  3.39832422E-06
  8386.1416  1.8105231E-05  3.39636631E-06
  8387.53516  1.81823707E-05  3.3944134E-06
  8388.92871  1.82594595E-05  3.39246299E-06
  8390.32129  1.83365028E-05  3.39051394E-06
  8391.71484  1.8413486E-05  3.38856535E-06
  8393.10938  1.84908913E-05  3.38661289E-06
  8394.50391  1.85677673E-05  3.38466634E-06
  8395.89844  1.86445923E-05  3.38272139E-06
  8397.29297  1.87213645E-05  3.38077712E-06
  8398.6875  1.87980841E-05  3.37883466E-06
  8400.08301  1.88747472E-05  3.37689244E-06
  8401.47852  1.8951836E-05  3.37494725E-06
  8402.87402  1.90283936E-05  3.37300753E-06
  8404.27051  1.91048985E-05  3.37106826E-06
  8405.66602  1.91813524E-05  3.36913172E-06
  8407.06348  1.92577463E-05  3.36719427E-06
  8408.45898  1.93341002E-05  3.36526045E-06
  8409.85547  1.94108707E-05  3.36332164E-06
  8411.25293  1.948711E-05  3.36138851E-06
  8412.65039  1.95632983E-05  3.35945674E-06
  8414.04785  1.9639434E-05  3.35752566E-06
  8415.44531  1.97155168E-05  3.35559662E-06
  8416.84375  1.97920199E-05  3.35366303E-06
  8418.24219  1.98679973E-05  3.35173559E-06
  8419.63965  1.99439255E-05  3.34980996E-06
  8421.03906  2.00197937E-05  3.34788433E-06
  8422.43848  2.0095611E-05  3.34595961E-06
  8423.83789  2.01718503E-05  3.34403171E-06
  8425.23633  2.02475676E-05  3.3421104E-06
  8426.63574  2.03232321E-05  3.34019046E-06
  8428.03613  2.03988366E-05  3.33826983E-06
  8429.43555  2.04743974E-05  3.33635194E-06
  8430.83594  2.05499018E-05  3.33443472E-06
  8432.2373  2.06258228E-05  3.33251273E-06
  8433.6377  2.07012235E-05  3.33059825E-06
  8435.03809  2.07765734E-05  3.32868422E-06
  8436.43945  2.08518686E-05  3.32677155E-06
  8437.8418  2.09271075E-05  3.32485865E-06
  8439.24219  2.10023009E-05  3.32294849E-06
  8440.64453  2.10779108E-05  3.32103423E-06
  8442.04785  2.11529896E-05  3.31912429E-06
  8443.44922  2.12280283E-05  3.31721753E-06
  8444.85254  2.13030071E-05  3.31531078E-06
  8446.25488  2.13482472E-05  3.31340607E-06
  8447.6582  2.13493568E-05  3.31150113E-06
  8449.06152  2.13505118E-05  3.30959324E-06
  8450.46484  2.13516196E-05  3.30769171E-06
  8451.86914  2.13527182E-05  3.30579041E-06
  8453.27246  2.13538187E-05  3.30389071E-06
  8454.67773  2.1354912E-05  3.30199146E-06
  8456.08203  2.13560506E-05  3.30008879E-06
  8457.48633  2.1357142E-05  3.2981925E-06
  8458.8916  2.13582261E-05  3.29629711E-06
  8460.29688  2.13593103E-05  3.2944024E-06
  8461.70215  2.13603926E-05  3.29250884E-06
  8463.10742  2.13614694E-05  3.29061731E-06
  8464.5127  2.13625481E-05  3.28872625E-06
  8465.91992  2.13636613E-05  3.28683109E-06
  8467.32617  2.1364729E-05  3.2849423E-06
  8468.73242  2.13657968E-05  3.28305487E-06
  8470.13965  2.13668573E-05  3.28116744E-06
  8471.54688  2.13679141E-05  3.2792816E-06
  8472.9541  2.13690164E-05  3.27739212E-06
  8474.36133  2.13700714E-05  3.27550902E-06
  8475.76953  2.13711191E-05  3.27362636E-06
  8477.17676  2.13721687E-05  3.2717453E-06
  8478.58594  2.13732073E-05  3.26986424E-06
  8479.99316  2.13742533E-05  3.26798545E-06
  8481.40234  2.13753356E-05  3.26610279E-06
  8482.81152  2.13763687E-05  3.26422514E-06
  8484.2207  2.13774001E-05  3.26234954E-06
  8485.62988  2.13784278E-05  3.26047461E-06
  8487.03906  2.13794574E-05  3.25860105E-06
  8488.44922  2.13805233E-05  3.25672363E-06
  8489.86035  2.13815401E-05  3.25485121E-06
  8491.26953  2.13825606E-05  3.25298129E-06
  8492.68066  2.13835683E-05  3.25111137E-06
  8494.09082  2.13845851E-05  3.24924349E-06
  8495.50293  2.13856329E-05  3.24737039E-06
  8496.91406  2.13866369E-05  3.24550456E-06
  8498.3252  2.13876374E-05  3.24363941E-06
  8499.7373  2.13886342E-05  3.24177472E-06
  8501.14844  2.13896346E-05  3.23991276E-06
  8502.56152  2.13906205E-05  3.23804966E-06
  8503.97461  2.13916555E-05  3.23618383E-06
  8505.38672  2.13926414E-05  3.23432414E-06
  8506.7998  2.13936237E-05  3.23246559E-06
  8508.21191  2.13946078E-05  3.2306084E-06
  8509.62598  2.13955846E-05  3.22875144E-06
  8511.03906  2.13965595E-05  3.22689607E-06
  8512.45312  2.13975745E-05  3.22503661E-06
  8513.86719  2.1398544E-05  3.22318374E-06
  8515.28223  2.13995045E-05  3.22133042E-06
  8516.69727  2.14004631E-05  3.21947846E-06
  8518.11133  2.14014253E-05  3.21762877E-06
  8519.52637  2.14023821E-05  3.21578E-06
  8520.94141  2.14033807E-05  3.2139269E-06
  8522.35742  2.14043303E-05  3.21207995E-06
  8523.77246  2.14052779E-05  3.21023413E-06
  8525.18945  2.14062184E-05  3.20838853E-06
  8526.60449  2.14071642E-05  3.20654522E-06
  8528.02148  2.14081447E-05  3.20469735E-06
  8529.4375  2.14090833E-05  3.20285631E-06
  8530.85547  2.14100091E-05  3.20101481E-06
  8532.27148  2.14109459E-05  3.19917604E-06
  8533.68945  2.14118681E-05  3.19733704E-06
  8535.10645  2.14127922E-05  3.19549963E-06
  8536.52539  2.14137544E-05  3.1936579E-06
  8537.94238  2.14146748E-05  3.191823E-06
  8539.36133  2.1415588E-05  3.18998832E-06
  8540.7793  2.14165011E-05  3.18815592E-06
  8542.19922  2.14174033E-05  3.1863226E-06
  8543.61719  2.14183128E-05  3.18449179E-06
  8545.03711  2.14192587E-05  3.18265711E-06
  8546.45605  2.14201591E-05  3.18082812E-06
  8547.87695  2.14210504E-05  3.17899935E-06
  8549.2959  2.1421949E-05  3.17717331E-06
  8550.7168  2.14228348E-05  3.17534636E-06
  8552.13672  2.14237243E-05  3.17352192E-06
  8553.55762  2.14246556E-05  3.17169361E-06
  8554.97852  2.14255379E-05  3.16987075E-06
  8556.40039  2.1426411E-05  3.16804812E-06
  8557.82129  2.14272895E-05  3.16622823E-06
  8559.24316  2.14281608E-05  3.1644081E-06
  8560.66504  2.14290758E-05  3.16258547E-06
  8562.08691  2.14299453E-05  3.16076785E-06
  8563.50977  2.1430802E-05  3.15895068E-06
  8564.93262  2.14316624E-05  3.15713464E-06
  8566.35449  2.14325264E-05  3.15532134E-06
  8567.77734  2.14333832E-05  3.15350803E-06
  8569.20117  2.14342763E-05  3.15169063E-06
  8570.62402  2.14351294E-05  3.14988029E-06
  8572.04883  2.14359698E-05  3.1480688E-06
  8573.47266  2.14368138E-05  3.14625981E-06
  8574.89746  2.14376487E-05  3.14445128E-06
  8576.32129  2.14385364E-05  3.14264003E-06
  8577.74609  2.14393713E-05  3.14083377E-06
  8579.1709  2.14402044E-05  3.1390291E-06
  8580.5957  2.14410338E-05  3.13722535E-06
  8582.02148  2.1441856E-05  3.13542159E-06
  8583.44727  2.14399079E-05  3.1336142E-06
  8584.87305  2.1437334E-05  3.13180203E-06
  8586.29883  2.14347365E-05  3.12999555E-06
  8587.72461  2.14321426E-05  3.12819043E-06
  8589.15234  2.14295342E-05  3.12638531E-06
  8590.5791  2.1426933E-05  3.12458155E-06
  8592.00586  2.14243355E-05  3.12277939E-06
  8593.43359  2.14217562E-05  3.12097291E-06
  8594.86035  2.14191587E-05  3.11917347E-06
  8596.28906  2.1416552E-05  3.11737358E-06
  8597.7168  2.14139491E-05  3.11557551E-06
  8599.14551  2.14113406E-05  3.11377767E-06
  8600.57324  2.14087395E-05  3.1119821E-06
  8602.00195  2.14061602E-05  3.11018221E-06
  8603.43164  2.14035481E-05  3.10838732E-06
  8604.86035  2.14009451E-05  3.1065947E-06
  8606.29004  2.13983367E-05  3.10480254E-06
  8607.71973  2.13957283E-05  3.10301175E-06
  8609.14941  2.13931453E-05  3.10121732E-06
  8610.58008  2.13905332E-05  3.09942766E-06
  8612.00977  2.13879248E-05  3.09764005E-06
  8613.44043  2.13853145E-05  3.09585289E-06
  8614.87207  2.13827007E-05  3.09406687E-06
  8616.30273  2.13800886E-05  3.09228221E-06
  8617.7334  2.13775056E-05  3.09049437E-06
  8619.16602  2.13748881E-05  3.08871108E-06
  8620.59766  2.13722742E-05  3.08692938E-06
  8622.0293  2.13696621E-05  3.08514882E-06
  8623.46191  2.13670446E-05  3.08336894E-06
  8624.89453  2.13644526E-05  3.08158565E-06
  8626.32617  2.13618423E-05  3.07980872E-06
  8627.75977  2.1359223E-05  3.07803157E-06
  8629.19336  2.13566018E-05  3.07625555E-06
  8630.62598  2.13539897E-05  3.07448158E-06
  8632.06055  2.13513667E-05  3.07270784E-06
  8633.49414  2.13487747E-05  3.07093114E-06
  8634.92871  2.13461517E-05  3.06915922E-06
  8636.36328  2.13435305E-05  3.06738843E-06
  8637.79785  2.13409094E-05  3.06561901E-06
  8639.23242  2.13382882E-05  3.0638505E-06
  8640.66797  2.13356634E-05  3.06208335E-06
  8642.10352  2.13330659E-05  3.06031234E-06
  8643.53906  2.13304411E-05  3.05854701E-06
  8644.97559  2.13278145E-05  3.05678213E-06
  8646.41113  2.13251933E-05  3.05501931E-06
  8647.84668  2.13225703E-05  3.05325739E-06
  8649.2832  2.13199437E-05  3.05149638E-06
  8650.7207  2.13173407E-05  3.04973105E-06
  8652.1582  2.13147086E-05  3.04797118E-06
  8653.59473  2.13120857E-05  3.04621358E-06
  8655.0332  2.13094518E-05  3.04445553E-06
  8656.4707  2.13068233E-05  3.04269952E-06
  8657.9082  2.13042222E-05  3.04094056E-06
  8659.34668  2.13015901E-05  3.03918591E-06
  8660.78516  2.1298958E-05  3.03743263E-06
  8662.22363  2.12963296E-05  3.03568095E-06
  8663.66309  2.1293692E-05  3.03392903E-06
  8665.10254  2.129106E-05  3.03217894E-06
  8666.54199  2.12884497E-05  3.03042543E-06
  8667.98145  2.12858195E-05  3.02867761E-06
  8669.4209  2.12831856E-05  3.0269307E-06
  8670.8623  2.12805426E-05  3.02518356E-06
  8672.30176  2.12779123E-05  3.02343869E-06
  8673.74219  2.12752766E-05  3.02169474E-06
  8675.18359  2.12726627E-05  3.0199476E-06
  8676.625  2.12700234E-05  3.01820501E-06
  8678.06641  2.12673858E-05  3.01646378E-06
  8679.50781  2.12647465E-05  3.01472369E-06
  8680.94922  2.12621089E-05  3.01298473E-06
  8682.39062  2.12594732E-05  3.0112476E-06
  8683.83398  2.12568521E-05  3.00950569E-06
  8685.27637  2.12542109E-05  3.00776969E-06
  8686.71875  2.12515733E-05  3.00603483E-06
  8688.16211  2.12489267E-05  3.0043002E-06
  8689.60645  2.12463056E-05  3.00256261E-06
  8691.04883  2.1243668E-05  3.00083116E-06
  8692.49316  2.12410177E-05  2.99909948E-06
  8693.93652  2.12383766E-05  2.99736985E-06
  8695.38086  2.12357318E-05  2.99564067E-06
  8696.82617  2.12330797E-05  2.99391172E-06
  8698.27051  2.12304622E-05  2.99218118E-06
  8699.71484  2.12278173E-05  2.99045519E-06
  8701.16016  2.12251671E-05  2.9887301E-06
  8702.60547  2.12225204E-05  2.98700616E-06
  8704.05176  2.12198684E-05  2.98528244E-06
  8705.49805  2.12172163E-05  2.98356008E-06
  8706.94336  2.12145951E-05  2.98183545E-06
  8708.38965  2.12119448E-05  2.98011537E-06
  8709.83691  2.12092909E-05  2.97839574E-06
  8711.2832  2.12066425E-05  2.97667793E-06
  8712.73145  2.12039849E-05  2.9749599E-06
  8714.17871  2.12013583E-05  2.97323959E-06
  8715.62598  2.11987044E-05  2.97152496E-06
  8717.07324  2.11960541E-05  2.96981102E-06
  8718.52148  2.11933984E-05  2.96809776E-06
  8719.96973  2.11907427E-05  2.96638586E-06
  8721.41895  2.11878087E-05  2.9646726E-06
  8722.86816  2.11838851E-05  2.96295184E-06
  8724.31641  2.11799488E-05  2.96123699E-06
  8725.76562  2.11760052E-05  2.95952259E-06
  8727.21484  2.1172069E-05  2.95780978E-06
  8728.66504  2.11681254E-05  2.95609698E-06
  8730.11426  2.11641891E-05  2.95438576E-06
  8731.56543  2.11602637E-05  2.95267068E-06
  8733.0166  2.11563201E-05  2.95096106E-06
  8734.4668  2.11523839E-05  2.94925303E-06
  8735.91797  2.11484421E-05  2.94754545E-06
  8737.36914  2.11445058E-05  2.94583924E-06
  8738.82031  2.11405677E-05  2.94413348E-06
  8740.27148  2.11366496E-05  2.94242545E-06
  8741.72363  2.11327115E-05  2.94072174E-06
  8743.17578  2.11287734E-05  2.93901917E-06
  8744.62891  2.11248316E-05  2.93731728E-06
  8746.08105  2.1120899E-05  2.93561743E-06
  8747.53418  2.1116979E-05  2.93391372E-06
  8748.9873  2.11130427E-05  2.93221478E-06
  8750.44043  2.11091065E-05  2.93051721E-06
  8751.89453  2.11051702E-05  2.92882078E-06
  8753.34766  2.11012375E-05  2.92712571E-06
  8754.80176  2.10973012E-05  2.92543132E-06
  8756.25586  2.10933667E-05  2.92373761E-06
  8757.71094  2.10894486E-05  2.92204027E-06
  8759.16602  2.10855123E-05  2.92034838E-06
  8760.62207  2.10815742E-05  2.91865717E-06
  8762.07715  2.10776416E-05  2.91696779E-06
  8763.53223  2.10737089E-05  2.91527931E-06
  8764.98828  2.10697926E-05  2.9135872E-06
  8766.44434  2.10658618E-05  2.91190031E-06
  8767.90039  2.10619291E-05  2.91021502E-06
  8769.35645  2.10579983E-05  2.9085304E-06
  8770.81348  2.10540657E-05  2.90684625E-06
  8772.27051  2.10501348E-05  2.90516368E-06
  8773.72754  2.10462204E-05  2.90347771E-06
  8775.18555  2.10422877E-05  2.90179628E-06
  8776.64258  2.10383605E-05  2.90011667E-06
  8778.10059  2.10344278E-05  2.89843774E-06
  8779.55859  2.10304988E-05  2.89675995E-06
  8781.01758  2.10265844E-05  2.89507852E-06
  8782.47656  2.10226535E-05  2.89340232E-06
  8783.93457  2.10187281E-05  2.89172817E-06
  8785.39453  2.10147955E-05  2.89005334E-06
  8786.85352  2.10108683E-05  2.88838032E-06
  8788.31348  2.10069375E-05  2.88670799E-06
  8789.77441  2.10030212E-05  2.88503202E-06
  8791.23438  2.09990958E-05  2.88336196E-06
  8792.69434  2.09951704E-05  2.88169304E-06
  8794.15527  2.09912396E-05  2.88002434E-06
  8795.61621  2.09873124E-05  2.87835701E-06
  8797.07715  2.09834052E-05  2.87668672E-06
  8798.53906  2.09794762E-05  2.87502121E-06
  8800.  2.09755526E-05  2.87335729E-06